File			Norm		Rank		DocStat
article-999.stem	2.063822	1.375881	0
article-17.stem	0.330835	0.263372	0
article-86.stem	0.357821	0.239704	0
article-480.stem	0.380771	0.221790	0
article-183.stem	0.372684	0.207454	0
article-167.stem	0.370673	0.182827	0
article-89.stem	0.269065	0.168609	0
article-442.stem	0.381107	0.160233	0
article-559.stem	0.422863	0.157080	0
article-115.stem	0.215272	0.148586	0
article-557.stem	0.401057	0.145234	0
article-157.stem	0.288982	0.139380	0
article-500.stem	0.383841	0.128100	0
article-95.stem	0.510295	0.127922	0
article-266.stem	0.287208	0.115636	0
article-496.stem	0.321986	0.111989	0
article-171.stem	0.319042	0.109883	0
article-416.stem	0.222467	0.103672	0
article-269.stem	0.324314	0.102406	0
article-294.stem	0.250144	0.095196	0
article-300.stem	0.280614	0.084859	0
article-164.stem	0.342678	0.083435	0
article-253.stem	0.179639	0.082334	0
article-267.stem	0.281293	0.078254	0
article-241.stem	0.203969	0.074145	0
article-239.stem	0.218610	0.065387	0
article-9.stem	0.161905	0.050394	0
article-423.stem	0.205463	0.050076	0
article-556.stem	0.232682	0.050068	0
article-51.stem	0.165497	0.048465	0
article-505.stem	0.184423	0.046766	0
