Word Index	IDF Value
0	2.096040
1	1.397071
2	1.235703
3	0.840768
4	1.085317
5	0.539738
6	1.618919
7	0.038184
8	0.037235
9	1.522009
10	2.220979
11	0.973825
12	1.044888
13	1.141798
14	1.999130
15	2.096040
16	0.126392
17	1.698101
18	2.698101
19	0.672795
20	0.885187
21	1.085317
22	0.789616
23	0.898760
24	2.096040
25	1.656708
26	0.949913
27	1.300161
28	1.206739
29	1.853003
30	1.584157
31	1.999130
32	1.442828
33	1.266737
34	0.491275
35	1.397071
36	2.698101
37	1.206739
38	1.317889
39	2.698101
40	0.817287
41	0.965707
42	1.044888
43	2.698101
44	2.698101
45	2.096040
46	1.743858
47	1.336373
48	1.853003
49	0.919949
50	1.795011
51	0.891921
52	1.375881
53	1.085317
54	2.220979
55	0.817287
56	1.522009
57	1.656708
58	0.965707
59	1.118317
60	1.336373
61	1.336373
62	1.919949
63	0.990530
64	2.698101
65	1.206739
66	1.141798
67	2.096040
68	1.919949
69	2.220979
70	0.973825
71	1.300161
72	1.141798
73	1.467652
74	2.698101
75	1.584157
76	1.336373
77	2.096040
78	2.698101
79	1.584157
80	1.235703
81	2.220979
82	1.107036
83	2.698101
84	2.096040
85	2.397071
86	1.336373
87	2.397071
88	2.096040
89	1.919949
90	0.965707
91	1.656708
92	1.522009
93	1.919949
94	1.283127
95	2.397071
96	2.220979
97	1.467652
98	1.999130
99	1.853003
100	2.698101
101	1.493981
102	2.220979
103	1.283127
104	1.656708
105	1.584157
106	1.397071
107	2.698101
108	2.698101
109	1.493981
110	1.442828
111	1.129899
112	0.823039
113	2.397071
114	1.283127
115	2.397071
116	2.698101
117	2.220979
118	1.044888
119	2.698101
120	1.074851
121	2.220979
122	2.397071
123	0.384233
124	1.919949
125	2.698101
126	1.317889
127	1.220979
128	2.220979
129	2.397071
130	1.698101
131	0.949913
132	1.522009
133	2.698101
134	1.919949
135	0.990530
136	2.397071
137	2.397071
138	0.779022
139	2.397071
140	2.397071
141	2.698101
142	1.035343
143	1.419347
144	1.141798
145	2.220979
146	2.096040
147	2.397071
148	2.220979
149	2.698101
150	1.493981
151	2.096040
152	2.698101
153	2.698101
154	1.618919
155	1.467652
156	1.656708
157	1.584157
158	1.016859
159	2.698101
160	1.919949
161	2.096040
162	1.493981
163	1.919949
164	2.698101
165	1.743858
166	2.220979
167	1.283127
168	1.853003
169	2.096040
170	1.419347
171	1.493981
172	1.074851
173	1.283127
174	2.698101
175	2.698101
176	2.096040
177	1.618919
178	1.397071
179	1.419347
180	1.656708
181	1.853003
182	1.999130
183	2.220979
184	1.493981
185	1.026003
186	0.965707
187	1.493981
188	1.743858
189	2.397071
190	1.919949
191	1.743858
192	1.179587
193	1.283127
194	1.493981
195	1.795011
196	2.397071
197	1.141798
198	2.698101
199	1.522009
200	1.618919
201	2.698101
202	2.397071
203	2.096040
204	2.698101
205	1.584157
206	0.483257
207	1.919949
208	2.698101
209	2.096040
210	1.795011
211	1.467652
212	1.853003
213	2.397071
214	1.919949
215	1.999130
216	1.355678
217	1.096041
218	1.999130
219	1.355678
220	2.698101
221	1.154032
222	0.949913
223	1.698101
224	1.698101
225	1.064632
226	2.698101
227	1.044888
228	1.698101
229	1.375881
230	2.698101
231	2.698101
232	2.096040
233	2.698101
234	2.698101
235	1.074851
236	1.618919
237	2.397071
238	2.397071
239	0.865592
240	1.999130
241	1.919949
242	0.817287
243	1.317889
244	2.397071
245	0.982097
246	2.397071
247	1.853003
248	2.698101
249	1.283127
250	2.698101
251	0.891921
252	1.743858
253	1.999130
254	0.533748
255	2.220979
256	2.220979
257	2.397071
258	1.795011
259	2.397071
260	2.397071
261	0.990530
262	1.698101
263	1.154032
264	1.698101
265	1.618919
266	2.220979
267	2.698101
268	1.795011
269	1.522009
270	2.698101
271	1.336373
272	2.096040
273	2.096040
274	1.795011
275	1.250942
276	2.397071
277	1.919949
278	2.698101
279	2.698101
280	1.584157
281	1.795011
282	0.898760
283	1.584157
284	1.283127
285	2.220979
286	2.397071
287	2.096040
288	1.551973
289	1.522009
290	1.795011
291	1.375881
292	2.698101
293	1.853003
294	1.235703
295	1.584157
296	2.397071
297	2.698101
298	1.853003
299	2.220979
300	1.317889
301	1.206739
302	1.743858
303	1.999130
304	1.795011
305	1.118317
306	1.085317
307	1.179587
308	1.283127
309	2.220979
310	1.919949
311	1.919949
312	1.129899
313	2.397071
314	2.698101
315	1.618919
316	1.919949
317	1.698101
318	2.698101
319	1.192951
320	1.493981
321	1.853003
322	2.698101
323	1.419347
324	1.795011
325	2.397071
326	1.743858
327	1.522009
328	2.397071
329	1.467652
330	1.919949
331	1.493981
332	1.853003
333	1.853003
334	2.698101
335	2.698101
336	2.698101
337	1.853003
338	1.795011
339	1.795011
340	1.044888
341	1.300161
342	1.853003
343	1.300161
344	2.698101
345	2.397071
346	1.397071
347	1.522009
348	2.698101
349	2.698101
350	2.698101
351	2.698101
352	2.096040
353	2.397071
354	1.698101
355	1.919949
356	0.373818
357	1.743858
358	2.698101
359	2.397071
360	1.999130
361	2.698101
362	2.220979
363	1.283127
364	1.584157
365	2.397071
366	0.739059
367	1.618919
368	1.442828
369	1.853003
370	0.885187
371	1.795011
372	1.656708
373	1.584157
374	1.919949
375	2.220979
376	1.919949
377	2.698101
378	1.853003
379	1.551973
380	1.206739
381	2.397071
382	1.551973
383	1.795011
384	1.743858
385	1.698101
386	1.522009
387	2.698101
388	2.698101
389	1.743858
390	2.698101
391	2.698101
392	1.698101
393	1.656708
394	2.698101
395	2.698101
396	1.235703
397	1.919949
398	2.698101
399	1.016859
400	1.141798
401	1.698101
402	2.397071
403	1.336373
404	1.551973
405	1.656708
406	2.397071
407	2.698101
408	1.743858
409	1.656708
410	1.166622
411	1.743858
412	0.846842
413	2.698101
414	2.698101
415	2.698101
416	2.397071
417	1.317889
418	1.250942
419	1.397071
420	2.698101
421	2.698101
422	1.375881
423	2.698101
424	1.355678
425	2.397071
426	2.220979
427	1.999130
428	1.355678
429	1.919949
430	1.795011
431	2.397071
432	1.999130
433	1.999130
434	1.743858
435	2.397071
436	2.698101
437	2.096040
438	1.999130
439	1.698101
440	2.698101
441	1.656708
442	2.220979
443	1.493981
444	1.375881
445	1.129899
446	1.618919
447	2.698101
448	2.698101
449	1.618919
450	2.397071
451	1.141798
452	2.698101
453	2.698101
454	1.743858
455	1.743858
456	2.397071
457	2.220979
458	2.397071
459	2.397071
460	2.698101
461	2.397071
462	1.317889
463	1.141798
464	0.872026
465	2.220979
466	0.999131
467	1.064632
468	1.795011
469	0.859251
470	2.397071
471	2.220979
472	1.064632
473	2.698101
474	1.743858
475	0.817287
476	2.698101
477	2.698101
478	2.096040
479	1.584157
480	1.999130
481	2.698101
482	2.698101
483	2.698101
484	1.085317
485	1.522009
486	2.698101
487	2.096040
488	2.698101
489	2.220979
490	1.743858
491	1.220979
492	2.397071
493	1.853003
494	2.698101
495	1.743858
496	0.516257
497	2.698101
498	1.795011
499	1.795011
500	1.618919
501	2.698101
502	2.698101
503	2.698101
504	2.698101
505	2.698101
506	2.698101
507	2.096040
508	2.220979
509	2.220979
510	2.698101
511	2.698101
512	2.397071
513	1.355678
514	1.999130
515	2.397071
516	2.698101
517	2.096040
518	2.698101
519	2.698101
520	2.698101
521	2.220979
522	1.397071
523	1.919949
524	2.698101
525	2.698101
526	2.698101
527	2.698101
528	1.919949
529	1.919949
530	2.698101
531	1.999130
532	2.698101
533	2.096040
534	1.584157
535	1.584157
536	1.493981
537	1.235703
538	1.795011
539	1.192951
540	1.795011
541	0.753618
542	2.698101
543	1.656708
544	1.419347
545	2.397071
546	2.698101
547	2.698101
548	1.096041
549	2.397071
550	2.698101
551	2.698101
552	1.999130
553	1.656708
554	1.743858
555	2.698101
556	1.336373
557	1.375881
558	2.220979
559	2.397071
560	1.853003
561	2.397071
562	2.397071
563	2.397071
564	1.419347
565	1.206739
566	1.999130
567	1.467652
568	2.397071
569	1.397071
570	1.035343
571	2.397071
572	2.397071
573	0.990530
574	1.300161
575	2.220979
576	1.919949
577	2.397071
578	2.397071
579	2.397071
580	2.397071
581	2.397071
582	1.618919
583	1.336373
584	1.074851
585	1.656708
586	2.220979
587	2.698101
588	2.698101
589	2.698101
590	1.698101
591	2.698101
592	2.698101
593	2.698101
594	1.656708
595	2.698101
596	1.016859
597	1.919949
598	1.355678
599	1.999130
600	2.698101
601	2.220979
602	1.853003
603	1.853003
604	2.698101
605	1.999130
606	2.698101
607	1.999130
608	1.419347
609	1.795011
610	1.096041
611	2.698101
612	2.698101
613	2.698101
614	2.698101
615	2.397071
616	1.166622
617	1.300161
618	1.141798
619	2.397071
620	2.096040
621	1.618919
622	2.220979
623	2.397071
624	1.493981
625	2.096040
626	2.397071
627	1.154032
628	1.442828
629	2.220979
630	1.795011
631	2.096040
632	1.853003
633	1.129899
634	2.397071
635	1.795011
636	1.853003
637	2.220979
638	1.375881
639	1.522009
640	1.919949
641	1.154032
642	1.618919
643	1.375881
644	1.336373
645	2.397071
646	2.397071
647	1.618919
648	2.397071
649	2.397071
650	1.584157
651	1.743858
652	1.397071
653	1.656708
654	2.397071
655	1.551973
656	1.698101
657	1.698101
658	1.919949
659	2.397071
660	1.618919
661	1.795011
662	2.397071
663	1.853003
664	2.220979
665	2.397071
666	1.743858
667	1.266737
668	1.743858
669	1.919949
670	1.919949
671	2.220979
672	1.853003
673	1.192951
674	1.656708
675	1.795011
676	1.698101
677	1.467652
678	1.551973
679	1.999130
680	1.656708
681	2.397071
682	2.220979
683	1.397071
684	1.999130
685	2.220979
686	1.853003
687	1.919949
688	2.397071
689	1.919949
690	1.999130
691	2.397071
692	1.618919
693	1.618919
694	1.283127
695	1.999130
696	1.283127
697	1.743858
698	2.397071
699	2.397071
700	1.698101
701	2.698101
702	2.397071
703	1.919949
704	2.397071
705	1.698101
706	2.698101
707	1.179587
708	2.397071
709	2.096040
710	1.235703
711	1.656708
712	1.493981
713	2.220979
714	1.999130
715	2.397071
716	1.250942
717	2.698101
718	1.584157
719	1.853003
720	1.853003
721	2.698101
722	2.397071
723	1.129899
724	2.698101
725	1.795011
726	2.397071
727	2.698101
728	2.698101
729	2.220979
730	2.698101
731	1.467652
732	1.919949
733	2.698101
734	2.096040
735	1.442828
736	2.220979
737	1.853003
738	1.743858
739	2.698101
740	2.698101
741	1.795011
742	2.698101
743	2.698101
744	1.467652
745	1.317889
746	1.999130
747	2.397071
748	1.853003
749	2.698101
750	2.397071
751	2.397071
752	2.698101
753	2.698101
754	2.698101
755	2.698101
756	1.999130
757	2.397071
758	2.698101
759	2.397071
760	2.096040
761	2.698101
762	1.522009
763	2.698101
764	2.698101
765	2.698101
766	2.698101
767	2.698101
768	1.999130
769	2.698101
770	1.467652
771	1.154032
772	1.795011
773	2.220979
774	2.698101
775	0.982097
776	1.853003
777	2.698101
778	1.266737
779	1.397071
780	2.698101
781	1.743858
782	1.266737
783	1.656708
784	1.493981
785	1.584157
786	2.698101
787	1.522009
788	2.698101
789	2.220979
790	2.397071
791	2.698101
792	2.698101
793	2.397071
794	2.698101
795	2.698101
796	2.220979
797	2.397071
798	2.698101
799	1.999130
800	2.397071
801	2.698101
802	1.919949
803	2.698101
804	2.698101
805	2.698101
806	1.419347
807	2.698101
808	2.096040
809	2.698101
810	2.220979
811	2.698101
812	2.397071
813	2.698101
814	1.522009
815	2.698101
816	1.522009
817	1.853003
818	2.397071
819	2.698101
820	2.096040
821	2.397071
822	2.698101
823	2.698101
824	2.397071
825	2.397071
826	2.698101
827	2.220979
828	2.220979
829	2.698101
830	1.179587
831	2.698101
832	2.698101
833	2.698101
834	1.919949
835	2.096040
836	2.698101
837	2.698101
838	2.397071
839	2.096040
840	2.698101
841	1.442828
842	2.220979
843	2.698101
844	1.355678
845	1.795011
846	1.999130
847	1.698101
848	2.698101
849	2.698101
850	1.618919
851	1.584157
852	2.220979
853	2.397071
854	2.397071
855	2.698101
856	1.999130
857	2.698101
858	2.698101
859	1.795011
860	2.698101
861	2.397071
862	2.397071
863	2.397071
864	2.698101
865	1.467652
866	2.698101
867	2.096040
868	2.698101
869	2.220979
870	2.698101
871	2.698101
872	2.698101
873	2.698101
874	1.522009
875	1.026003
876	1.044888
877	1.698101
878	2.096040
879	2.698101
880	1.467652
881	2.220979
882	2.220979
883	2.397071
884	1.999130
885	1.999130
886	1.919949
887	1.522009
888	1.999130
889	1.999130
890	1.656708
891	1.999130
892	2.698101
893	1.522009
894	2.220979
895	1.919949
896	1.919949
897	1.999130
898	1.698101
899	1.795011
900	2.698101
901	2.397071
902	2.220979
903	1.999130
904	1.618919
905	2.220979
906	1.919949
907	2.397071
908	2.698101
909	2.698101
910	2.698101
911	1.584157
912	2.698101
913	2.698101
914	1.999130
915	1.584157
916	2.698101
917	2.698101
918	2.698101
919	1.999130
920	2.698101
921	2.698101
922	2.698101
923	2.397071
924	2.698101
925	1.442828
926	1.919949
927	1.919949
928	1.493981
929	2.698101
930	1.999130
931	2.698101
932	1.919949
933	2.397071
934	1.375881
935	1.795011
936	1.999130
937	2.397071
938	2.397071
939	2.698101
940	2.397071
941	1.419347
942	2.397071
943	1.999130
944	2.220979
945	2.096040
946	2.220979
947	1.397071
948	2.397071
949	1.493981
950	1.919949
951	2.397071
952	1.442828
953	2.220979
954	1.129899
955	1.355678
956	1.795011
957	2.096040
958	2.397071
959	1.397071
960	1.419347
961	2.698101
962	1.698101
963	2.698101
964	1.522009
965	1.493981
966	1.026003
967	2.698101
968	1.154032
969	2.397071
970	2.698101
971	2.698101
972	2.698101
973	2.698101
974	2.397071
975	2.698101
976	2.698101
977	2.397071
978	2.096040
979	1.919949
980	2.220979
981	1.743858
982	1.584157
983	1.999130
984	0.919949
985	1.698101
986	2.698101
987	2.220979
988	2.698101
989	2.698101
990	1.698101
991	1.266737
992	1.300161
993	1.999130
994	2.220979
995	1.419347
996	2.397071
997	2.397071
998	2.698101
999	1.853003
1000	2.220979
1001	2.220979
1002	2.397071
1003	2.698101
1004	2.698101
1005	2.698101
1006	2.698101
1007	2.220979
1008	1.795011
1009	1.283127
1010	1.919949
1011	2.397071
1012	2.698101
1013	1.698101
1014	2.220979
1015	2.220979
1016	1.999130
1017	1.795011
1018	2.698101
1019	2.698101
1020	1.551973
1021	1.656708
1022	1.853003
1023	1.853003
1024	1.743858
1025	2.096040
1026	2.698101
1027	2.698101
1028	2.698101
1029	2.698101
1030	2.220979
1031	2.698101
1032	2.698101
1033	2.698101
1034	2.220979
1035	1.698101
1036	1.743858
1037	1.795011
1038	1.493981
1039	2.220979
1040	2.397071
1041	2.698101
1042	2.698101
1043	1.618919
1044	1.551973
1045	2.698101
1046	2.698101
1047	1.919949
1048	1.919949
1049	2.698101
1050	1.300161
1051	1.999130
1052	2.220979
1053	2.220979
1054	2.397071
1055	2.096040
1056	2.698101
1057	1.853003
1058	2.397071
1059	1.999130
1060	1.584157
1061	1.795011
1062	2.698101
1063	1.795011
1064	2.397071
1065	1.999130
1066	1.698101
1067	1.919949
1068	2.220979
1069	1.795011
1070	2.698101
1071	1.656708
1072	1.656708
1073	2.698101
1074	2.698101
1075	2.096040
1076	2.397071
1077	1.919949
1078	1.026003
1079	2.220979
1080	2.096040
1081	1.493981
1082	2.397071
1083	2.698101
1084	2.698101
1085	1.442828
1086	1.192951
1087	1.551973
1088	1.129899
1089	1.795011
1090	1.999130
1091	2.397071
1092	2.698101
1093	1.656708
1094	1.743858
1095	2.096040
1096	1.250942
1097	1.999130
1098	1.919949
1099	2.698101
1100	1.192951
1101	2.698101
1102	2.698101
1103	2.698101
1104	2.698101
1105	1.493981
1106	2.698101
1107	1.397071
1108	2.698101
1109	1.085317
1110	2.698101
1111	1.999130
1112	1.919949
1113	2.698101
1114	1.919949
1115	1.853003
1116	1.355678
1117	2.220979
1118	2.220979
1119	2.698101
1120	2.397071
1121	1.551973
1122	1.493981
1123	1.743858
1124	2.698101
1125	2.397071
1126	2.698101
1127	2.698101
1128	2.220979
1129	2.698101
1130	1.999130
1131	1.698101
1132	1.999130
1133	1.999130
1134	2.096040
1135	2.698101
1136	2.397071
1137	2.397071
1138	2.397071
1139	2.096040
1140	1.795011
1141	1.919949
1142	2.220979
1143	2.397071
1144	2.698101
1145	2.397071
1146	1.493981
1147	2.698101
1148	1.795011
1149	2.698101
1150	2.220979
1151	2.096040
1152	1.999130
1153	1.355678
1154	1.919949
1155	1.795011
1156	1.375881
1157	2.220979
1158	2.698101
1159	2.698101
1160	1.853003
1161	2.698101
1162	2.698101
1163	2.698101
1164	2.698101
1165	2.698101
1166	2.698101
1167	2.698101
1168	2.397071
1169	2.698101
1170	2.698101
1171	2.220979
1172	2.220979
1173	1.656708
1174	1.999130
1175	2.220979
1176	1.795011
1177	1.795011
1178	2.698101
1179	1.698101
1180	2.698101
1181	2.698101
1182	2.698101
1183	2.096040
1184	1.743858
1185	2.698101
1186	1.999130
1187	1.618919
1188	2.698101
1189	2.220979
1190	1.129899
1191	2.698101
1192	2.698101
1193	2.698101
1194	2.698101
1195	2.220979
1196	2.397071
1197	2.220979
1198	2.698101
1199	2.698101
1200	2.698101
1201	1.698101
1202	1.919949
1203	2.698101
1204	1.795011
1205	1.795011
1206	2.698101
1207	1.853003
1208	2.698101
1209	2.220979
1210	2.397071
1211	2.698101
1212	2.220979
1213	1.698101
1214	2.698101
1215	2.220979
1216	2.698101
1217	2.698101
1218	2.397071
1219	2.698101
1220	2.698101
1221	2.698101
1222	2.397071
1223	2.397071
1224	2.397071
1225	1.853003
1226	1.795011
1227	2.397071
1228	1.743858
1229	1.618919
1230	2.698101
1231	1.698101
1232	2.698101
1233	1.551973
1234	1.419347
1235	2.698101
1236	2.397071
1237	2.698101
1238	2.096040
1239	1.192951
1240	2.220979
1241	2.698101
1242	2.220979
1243	2.698101
1244	1.999130
1245	1.853003
1246	2.698101
1247	2.096040
1248	2.096040
1249	2.397071
1250	2.397071
1251	2.698101
1252	2.698101
1253	2.397071
1254	2.397071
1255	2.698101
1256	2.698101
1257	1.656708
1258	2.096040
1259	1.656708
1260	1.551973
1261	1.618919
1262	2.096040
1263	2.220979
1264	2.397071
1265	1.618919
1266	1.999130
1267	1.999130
1268	1.336373
1269	1.795011
1270	1.999130
1271	1.795011
1272	2.220979
1273	1.656708
1274	1.336373
1275	2.397071
1276	1.656708
1277	2.698101
1278	2.397071
1279	2.096040
1280	2.096040
1281	2.220979
1282	2.698101
1283	1.999130
1284	2.698101
1285	2.397071
1286	2.220979
1287	2.096040
1288	1.656708
1289	1.397071
1290	1.618919
1291	2.397071
1292	2.698101
1293	1.919949
1294	2.698101
1295	2.096040
1296	2.220979
1297	2.698101
1298	2.698101
1299	2.096040
1300	2.698101
1301	2.220979
1302	2.698101
1303	1.919949
1304	2.220979
1305	2.698101
1306	2.698101
1307	2.096040
1308	2.397071
1309	2.397071
1310	2.220979
1311	2.096040
1312	1.336373
1313	1.419347
1314	2.698101
1315	2.698101
1316	2.220979
1317	1.743858
1318	2.698101
1319	2.698101
1320	2.698101
1321	2.698101
1322	2.698101
1323	2.698101
1324	2.096040
1325	2.397071
1326	2.096040
1327	2.220979
1328	2.096040
1329	2.220979
1330	2.698101
1331	2.698101
1332	2.096040
1333	2.698101
1334	2.698101
1335	2.220979
1336	1.166622
1337	1.656708
1338	2.397071
1339	1.467652
1340	2.096040
1341	1.522009
1342	2.698101
1343	1.795011
1344	2.220979
1345	2.698101
1346	2.220979
1347	2.698101
1348	1.551973
1349	1.853003
1350	1.795011
1351	1.656708
1352	1.618919
1353	2.698101
1354	2.698101
1355	1.743858
1356	2.220979
1357	1.618919
1358	1.743858
1359	1.551973
1360	2.698101
1361	2.698101
1362	2.698101
1363	2.698101
1364	2.698101
1365	2.220979
1366	1.656708
1367	2.698101
1368	2.698101
1369	2.397071
1370	2.220979
1371	1.795011
1372	1.698101
1373	1.999130
1374	2.397071
1375	1.419347
1376	2.220979
1377	2.220979
1378	1.743858
1379	1.853003
1380	2.220979
1381	2.096040
1382	2.220979
1383	2.397071
1384	1.743858
1385	1.656708
1386	2.220979
1387	1.551973
1388	1.743858
1389	1.795011
1390	1.795011
1391	2.397071
1392	1.999130
1393	2.698101
1394	2.220979
1395	1.618919
1396	2.096040
1397	1.795011
1398	2.096040
1399	2.698101
1400	1.919949
1401	2.698101
1402	2.220979
1403	1.919949
1404	1.442828
1405	1.743858
1406	2.096040
1407	1.397071
1408	2.096040
1409	2.698101
1410	2.698101
1411	2.698101
1412	1.698101
1413	2.397071
1414	1.999130
1415	1.999130
1416	2.220979
1417	1.999130
1418	2.096040
1419	2.698101
1420	2.698101
1421	2.698101
1422	2.698101
1423	2.698101
1424	2.397071
1425	2.698101
1426	2.698101
1427	2.698101
1428	2.698101
1429	1.999130
1430	2.698101
1431	2.698101
1432	2.397071
1433	1.584157
1434	1.853003
1435	1.698101
1436	2.698101
1437	1.999130
1438	2.698101
1439	2.698101
1440	1.919949
1441	2.698101
1442	2.698101
1443	2.698101
1444	2.698101
1445	1.853003
1446	2.220979
1447	2.096040
1448	2.698101
1449	2.698101
1450	1.795011
1451	1.206739
1452	1.442828
1453	2.698101
1454	1.999130
1455	1.795011
1456	2.698101
1457	2.698101
1458	2.096040
1459	2.698101
1460	2.698101
1461	2.698101
1462	1.919949
1463	1.999130
1464	2.698101
1465	2.096040
1466	2.698101
1467	2.698101
1468	1.999130
1469	2.698101
1470	1.656708
1471	1.493981
1472	2.698101
1473	2.397071
1474	2.397071
1475	2.698101
1476	1.795011
1477	1.419347
1478	1.698101
1479	2.698101
1480	1.919949
1481	2.397071
1482	1.999130
1483	2.698101
1484	2.397071
1485	2.220979
1486	1.493981
1487	2.698101
1488	2.698101
1489	2.397071
1490	2.397071
1491	2.698101
1492	2.698101
1493	2.698101
1494	2.698101
1495	2.397071
1496	1.656708
1497	2.698101
1498	2.698101
1499	2.096040
1500	1.698101
1501	1.795011
1502	2.698101
1503	2.698101
1504	1.919949
1505	2.397071
1506	2.220979
1507	1.999130
1508	2.698101
1509	2.698101
1510	2.397071
1511	2.220979
1512	1.743858
1513	1.250942
1514	1.698101
1515	2.096040
1516	2.220979
1517	1.999130
1518	2.397071
1519	2.698101
1520	2.096040
1521	2.698101
1522	2.397071
1523	2.698101
1524	1.656708
1525	2.397071
1526	1.795011
1527	2.698101
1528	2.397071
1529	2.698101
1530	2.698101
1531	2.698101
1532	2.397071
1533	2.397071
1534	2.096040
1535	2.397071
1536	1.551973
1537	1.999130
1538	2.698101
1539	2.096040
1540	1.618919
1541	2.698101
1542	1.919949
1543	1.584157
1544	2.698101
1545	2.698101
1546	1.698101
1547	1.919949
1548	2.698101
1549	2.397071
1550	1.999130
1551	1.919949
1552	2.698101
1553	2.698101
1554	1.919949
1555	2.698101
1556	2.220979
1557	2.397071
1558	2.698101
1559	2.397071
1560	1.919949
1561	1.999130
1562	2.698101
1563	2.220979
1564	1.919949
1565	1.919949
1566	2.698101
1567	2.220979
1568	2.096040
1569	2.698101
1570	2.698101
1571	2.698101
1572	2.397071
1573	2.698101
1574	1.999130
1575	2.220979
1576	1.743858
1577	2.096040
1578	2.698101
1579	2.096040
1580	1.698101
1581	1.919949
1582	2.397071
1583	2.698101
1584	1.551973
1585	1.698101
1586	1.919949
1587	1.743858
1588	2.397071
1589	1.999130
1590	2.698101
1591	1.919949
1592	2.220979
1593	1.743858
1594	1.853003
1595	2.397071
1596	2.096040
1597	1.467652
1598	2.220979
1599	1.999130
1600	1.999130
1601	2.096040
1602	2.220979
1603	2.397071
1604	1.853003
1605	1.853003
1606	2.698101
1607	2.096040
1608	2.698101
1609	1.551973
1610	1.656708
1611	2.698101
1612	2.698101
1613	2.220979
1614	2.397071
1615	1.743858
1616	2.698101
1617	1.522009
1618	2.698101
1619	2.397071
1620	2.698101
1621	2.698101
1622	1.853003
1623	2.096040
1624	1.656708
1625	2.698101
1626	1.999130
1627	2.698101
1628	2.397071
1629	1.919949
1630	2.698101
1631	2.397071
1632	2.698101
1633	2.698101
1634	1.853003
1635	1.618919
1636	2.698101
1637	1.853003
1638	2.397071
1639	2.698101
1640	2.698101
1641	2.220979
1642	2.096040
1643	2.698101
1644	2.698101
1645	2.698101
1646	2.698101
1647	2.698101
1648	2.698101
1649	2.698101
1650	1.743858
1651	2.698101
1652	1.493981
1653	2.698101
1654	2.220979
1655	2.220979
1656	2.698101
1657	2.698101
1658	1.853003
1659	2.698101
1660	2.698101
1661	1.493981
1662	2.698101
1663	1.743858
1664	1.919949
1665	1.743858
1666	2.096040
1667	2.698101
1668	2.698101
1669	2.698101
1670	2.698101
1671	2.096040
1672	2.698101
1673	2.397071
1674	2.698101
1675	2.698101
1676	2.397071
1677	1.618919
1678	1.698101
1679	2.397071
1680	2.698101
1681	2.698101
1682	2.096040
1683	2.698101
1684	2.698101
1685	2.698101
1686	2.698101
1687	2.698101
1688	2.698101
1689	2.397071
1690	2.698101
1691	2.698101
1692	2.698101
1693	2.220979
1694	2.397071
1695	2.220979
1696	2.698101
1697	2.698101
1698	2.698101
1699	2.698101
1700	1.919949
1701	2.698101
1702	2.698101
1703	2.397071
1704	2.698101
1705	2.698101
1706	2.698101
1707	2.698101
1708	2.698101
1709	2.698101
1710	2.698101
1711	2.397071
1712	2.698101
1713	2.220979
1714	1.698101
1715	2.698101
1716	1.743858
1717	1.584157
1718	1.853003
1719	1.584157
1720	1.999130
1721	1.919949
1722	2.698101
1723	2.698101
1724	1.795011
1725	1.999130
1726	1.698101
1727	2.698101
1728	2.698101
1729	2.698101
1730	2.698101
1731	2.397071
1732	2.698101
1733	2.698101
1734	2.698101
1735	2.698101
1736	2.698101
1737	2.698101
1738	1.743858
1739	1.919949
1740	2.698101
1741	2.397071
1742	2.698101
1743	2.698101
1744	2.397071
1745	1.355678
1746	1.584157
1747	1.853003
1748	2.698101
1749	2.698101
1750	2.698101
1751	1.795011
1752	2.698101
1753	1.743858
1754	2.698101
1755	2.698101
1756	1.743858
1757	2.698101
1758	1.919949
1759	2.397071
1760	2.698101
1761	2.698101
1762	2.698101
1763	1.853003
1764	2.698101
1765	1.743858
1766	2.698101
1767	2.698101
1768	2.698101
1769	2.698101
1770	1.795011
1771	2.698101
1772	1.493981
1773	2.698101
1774	2.397071
1775	2.096040
1776	2.220979
1777	1.999130
1778	2.698101
1779	2.096040
1780	2.698101
1781	2.698101
1782	2.698101
1783	2.220979
1784	2.698101
1785	2.698101
1786	2.698101
1787	2.698101
1788	2.698101
1789	2.698101
1790	2.698101
1791	2.698101
1792	2.698101
1793	1.795011
1794	2.397071
1795	2.397071
1796	2.698101
1797	1.618919
1798	2.397071
1799	2.220979
1800	2.698101
1801	1.397071
1802	2.698101
1803	2.096040
1804	1.795011
1805	2.096040
1806	2.220979
1807	1.999130
1808	2.698101
1809	2.698101
1810	2.698101
1811	1.743858
1812	2.698101
1813	2.698101
1814	2.698101
1815	2.698101
1816	2.698101
1817	2.698101
1818	2.698101
1819	2.698101
1820	2.698101
1821	1.999130
1822	2.698101
1823	2.698101
1824	2.397071
1825	2.698101
1826	2.698101
1827	2.698101
1828	2.698101
1829	2.698101
1830	2.698101
1831	2.698101
1832	2.397071
1833	1.853003
1834	2.397071
1835	2.698101
1836	2.698101
1837	2.698101
1838	2.698101
1839	2.698101
1840	2.397071
1841	2.698101
1842	2.698101
1843	2.397071
1844	2.397071
1845	2.698101
1846	2.698101
1847	2.397071
1848	1.999130
1849	2.397071
1850	1.698101
1851	1.853003
1852	1.419347
1853	1.795011
1854	1.467652
1855	1.493981
1856	2.397071
1857	2.698101
1858	1.919949
1859	1.584157
1860	1.743858
1861	2.698101
1862	1.698101
1863	2.397071
1864	1.618919
1865	2.397071
1866	2.397071
1867	1.656708
1868	1.493981
1869	1.999130
1870	2.220979
1871	1.743858
1872	2.096040
1873	2.220979
1874	2.220979
1875	1.698101
1876	2.220979
1877	1.795011
1878	2.220979
1879	1.853003
1880	1.919949
1881	2.220979
1882	2.220979
1883	2.220979
1884	2.397071
1885	2.698101
1886	2.698101
1887	1.853003
1888	2.698101
1889	2.698101
1890	2.698101
1891	2.698101
1892	2.698101
1893	2.397071
1894	2.698101
1895	2.698101
1896	2.698101
1897	2.698101
1898	2.397071
1899	2.397071
1900	2.698101
1901	2.698101
1902	2.698101
1903	2.096040
1904	2.698101
1905	2.096040
1906	2.698101
1907	2.698101
1908	1.698101
1909	2.698101
1910	2.397071
1911	1.999130
1912	2.397071
1913	1.853003
1914	1.919949
1915	1.698101
1916	1.698101
1917	2.397071
1918	2.698101
1919	2.698101
1920	2.220979
1921	1.584157
1922	1.919949
1923	2.397071
1924	2.698101
1925	2.397071
1926	2.397071
1927	2.397071
1928	2.698101
1929	2.397071
1930	2.698101
1931	2.220979
1932	2.220979
1933	2.698101
1934	2.220979
1935	2.698101
1936	2.220979
1937	2.220979
1938	2.698101
1939	1.795011
1940	2.698101
1941	1.795011
1942	2.698101
1943	2.698101
1944	2.220979
1945	2.698101
1946	1.698101
1947	2.698101
1948	1.999130
1949	2.698101
1950	2.096040
1951	1.999130
1952	2.397071
1953	2.220979
1954	2.096040
1955	2.397071
1956	2.397071
1957	2.397071
1958	2.698101
1959	2.698101
1960	2.698101
1961	2.698101
1962	1.853003
1963	2.220979
1964	2.096040
1965	1.698101
1966	2.096040
1967	2.096040
1968	2.096040
1969	1.999130
1970	2.698101
1971	2.397071
1972	2.096040
1973	2.220979
1974	2.698101
1975	2.397071
1976	2.698101
1977	1.853003
1978	2.698101
1979	2.698101
1980	2.698101
1981	2.397071
1982	1.795011
1983	1.999130
1984	2.698101
1985	2.698101
1986	2.698101
1987	2.698101
1988	2.698101
1989	2.698101
1990	2.698101
1991	2.397071
1992	1.999130
1993	2.096040
1994	2.220979
1995	2.096040
1996	2.096040
1997	2.397071
1998	1.467652
1999	2.397071
2000	1.743858
2001	2.397071
2002	2.096040
2003	2.397071
2004	2.698101
2005	2.220979
2006	2.397071
2007	2.397071
2008	2.698101
2009	2.698101
2010	1.795011
2011	2.397071
2012	2.698101
2013	2.096040
2014	2.698101
2015	2.698101
2016	2.698101
2017	1.999130
2018	1.853003
2019	2.698101
2020	1.656708
2021	1.698101
2022	2.698101
2023	1.853003
2024	2.698101
2025	2.096040
2026	2.397071
2027	2.397071
2028	2.096040
2029	1.522009
2030	2.698101
2031	2.698101
2032	2.698101
2033	2.220979
2034	1.698101
2035	1.919949
2036	2.397071
2037	2.397071
2038	2.397071
2039	2.397071
2040	2.397071
2041	2.698101
2042	2.698101
2043	2.220979
2044	2.698101
2045	2.096040
2046	1.999130
2047	1.442828
2048	2.220979
2049	1.919949
2050	1.795011
2051	2.397071
2052	2.397071
2053	2.698101
2054	1.999130
2055	2.397071
2056	2.698101
2057	2.220979
2058	2.698101
2059	1.919949
2060	2.698101
2061	2.698101
2062	1.853003
2063	2.698101
2064	2.698101
2065	2.698101
2066	1.999130
2067	2.698101
2068	2.698101
2069	2.220979
2070	2.220979
2071	2.397071
2072	2.698101
2073	2.698101
2074	2.220979
2075	1.853003
2076	2.698101
2077	2.698101
2078	2.698101
2079	2.397071
2080	2.698101
2081	2.698101
2082	2.698101
2083	2.698101
2084	2.397071
2085	2.698101
2086	2.698101
2087	2.698101
2088	2.698101
2089	2.698101
2090	2.698101
2091	2.698101
2092	2.698101
2093	2.698101
2094	2.698101
2095	2.698101
2096	2.220979
2097	2.397071
2098	2.698101
2099	2.397071
2100	2.698101
2101	2.698101
2102	2.698101
2103	2.698101
2104	2.698101
2105	2.698101
2106	2.698101
2107	2.698101
2108	2.698101
2109	2.698101
2110	2.698101
2111	2.698101
2112	2.698101
2113	2.698101
2114	2.397071
2115	2.220979
2116	2.698101
2117	2.698101
2118	1.656708
2119	2.698101
2120	2.698101
2121	2.220979
2122	2.397071
2123	2.397071
2124	2.397071
2125	2.397071
2126	2.397071
2127	2.096040
2128	1.853003
2129	2.096040
2130	2.220979
2131	2.220979
2132	2.220979
2133	2.220979
2134	2.698101
2135	2.698101
2136	2.096040
2137	2.698101
2138	2.220979
2139	2.698101
2140	2.096040
2141	2.220979
2142	2.698101
2143	2.698101
2144	1.618919
2145	2.698101
2146	2.698101
2147	2.698101
2148	1.795011
2149	2.698101
2150	2.220979
2151	2.698101
2152	1.919949
2153	2.698101
2154	2.698101
2155	2.397071
2156	2.397071
2157	2.698101
2158	2.220979
2159	1.397071
2160	1.919949
2161	2.698101
2162	2.397071
2163	2.096040
2164	2.698101
2165	2.698101
2166	2.698101
2167	2.698101
2168	1.467652
2169	2.397071
2170	2.698101
2171	2.397071
2172	2.698101
2173	2.698101
2174	2.397071
2175	2.220979
2176	2.698101
2177	2.698101
2178	2.096040
2179	2.698101
2180	2.698101
2181	2.397071
2182	2.698101
2183	2.220979
2184	2.698101
2185	2.397071
2186	2.698101
2187	2.698101
2188	2.220979
2189	2.698101
2190	2.698101
2191	2.698101
2192	2.397071
2193	2.698101
2194	2.397071
2195	2.698101
2196	2.397071
2197	2.698101
2198	1.795011
2199	2.698101
2200	2.698101
2201	2.698101
2202	2.096040
2203	1.442828
2204	2.698101
2205	2.698101
2206	2.698101
2207	2.698101
2208	2.698101
2209	2.698101
2210	2.698101
2211	2.220979
2212	2.698101
2213	2.096040
2214	2.220979
2215	2.698101
2216	2.698101
2217	2.698101
2218	2.698101
2219	2.698101
2220	2.698101
2221	2.698101
2222	2.698101
2223	2.698101
2224	2.698101
2225	2.698101
2226	2.698101
2227	2.397071
2228	2.698101
2229	2.698101
2230	1.743858
2231	2.397071
2232	2.698101
2233	2.698101
2234	2.698101
2235	1.919949
2236	1.743858
2237	2.698101
2238	2.698101
2239	1.584157
2240	1.853003
2241	2.397071
2242	2.698101
2243	2.698101
2244	1.584157
2245	2.397071
2246	1.999130
2247	2.397071
2248	2.698101
2249	1.743858
2250	2.397071
2251	1.919949
2252	2.698101
2253	1.698101
2254	1.795011
2255	2.397071
2256	1.999130
2257	2.220979
2258	2.698101
2259	2.698101
2260	2.698101
2261	2.096040
2262	2.397071
2263	1.999130
2264	2.698101
2265	2.698101
2266	1.999130
2267	2.397071
2268	1.618919
2269	1.853003
2270	2.096040
2271	1.999130
2272	2.397071
2273	2.096040
2274	2.698101
2275	1.795011
2276	2.397071
2277	2.397071
2278	2.397071
2279	2.698101
2280	2.220979
2281	2.096040
2282	2.698101
2283	2.220979
2284	2.698101
2285	2.698101
2286	2.397071
2287	2.397071
2288	2.698101
2289	2.220979
2290	2.397071
2291	2.698101
2292	2.698101
2293	1.743858
2294	2.220979
2295	2.220979
2296	2.698101
2297	2.698101
2298	2.397071
2299	2.698101
2300	2.698101
2301	2.397071
2302	2.698101
2303	2.698101
2304	2.698101
2305	2.397071
2306	2.698101
2307	2.698101
2308	2.397071
2309	2.698101
2310	2.698101
2311	2.698101
2312	2.698101
2313	1.698101
2314	2.397071
2315	2.397071
2316	2.698101
2317	2.096040
2318	1.618919
2319	2.698101
2320	2.698101
2321	2.698101
2322	2.220979
2323	2.698101
2324	2.698101
2325	2.698101
2326	2.698101
2327	2.698101
2328	2.698101
2329	1.698101
2330	2.698101
2331	2.220979
2332	2.397071
2333	2.698101
2334	1.999130
2335	2.397071
2336	1.743858
2337	2.698101
2338	2.698101
2339	2.096040
2340	2.698101
2341	2.397071
2342	2.698101
2343	2.698101
2344	2.397071
2345	2.698101
2346	2.698101
2347	2.698101
2348	2.698101
2349	1.999130
2350	2.698101
2351	2.698101
2352	1.698101
2353	1.919949
2354	2.698101
2355	2.698101
2356	1.999130
2357	1.999130
2358	2.698101
2359	2.698101
2360	2.698101
2361	2.698101
2362	2.698101
2363	2.397071
2364	2.397071
2365	1.853003
2366	2.397071
2367	2.096040
2368	2.220979
2369	2.220979
2370	2.096040
2371	2.397071
2372	2.397071
2373	1.584157
2374	1.999130
2375	1.522009
2376	2.698101
2377	2.698101
2378	2.397071
2379	2.220979
2380	2.397071
2381	1.999130
2382	2.698101
2383	2.220979
2384	1.522009
2385	2.698101
2386	2.397071
2387	2.220979
2388	2.698101
2389	2.698101
2390	2.698101
2391	2.698101
2392	2.698101
2393	2.397071
2394	2.698101
2395	1.999130
2396	2.698101
2397	1.999130
2398	2.397071
2399	2.698101
2400	2.698101
2401	1.999130
2402	2.698101
2403	2.397071
2404	2.698101
2405	2.698101
2406	2.220979
2407	2.698101
2408	2.698101
2409	2.698101
2410	2.397071
2411	2.698101
2412	2.698101
2413	2.698101
2414	2.220979
2415	1.795011
2416	2.698101
2417	2.698101
2418	2.220979
2419	2.220979
2420	2.397071
2421	2.698101
2422	2.698101
2423	1.853003
2424	2.220979
2425	2.096040
2426	2.698101
2427	2.698101
2428	2.096040
2429	2.698101
2430	2.698101
2431	2.698101
2432	1.743858
2433	2.698101
2434	2.698101
2435	2.698101
2436	2.698101
2437	2.397071
2438	2.698101
2439	2.698101
2440	2.698101
2441	2.096040
2442	2.698101
2443	1.999130
2444	2.220979
2445	2.698101
2446	2.698101
2447	2.397071
2448	2.397071
2449	2.397071
2450	2.096040
2451	2.397071
2452	2.397071
2453	1.618919
2454	2.397071
2455	2.397071
2456	2.096040
2457	1.853003
2458	2.698101
2459	2.397071
2460	2.220979
2461	2.698101
2462	2.397071
2463	2.698101
2464	2.698101
2465	2.698101
2466	2.698101
2467	2.698101
2468	1.919949
2469	2.698101
2470	2.220979
2471	1.999130
2472	2.096040
2473	1.743858
2474	2.397071
2475	2.698101
2476	2.698101
2477	2.698101
2478	2.698101
2479	2.698101
2480	2.698101
2481	2.698101
2482	1.919949
2483	2.698101
2484	2.698101
2485	2.397071
2486	2.220979
2487	2.698101
2488	1.795011
2489	2.698101
2490	2.698101
2491	2.698101
2492	2.698101
2493	2.698101
2494	2.698101
2495	2.220979
2496	2.698101
2497	2.397071
2498	2.698101
2499	2.698101
2500	2.397071
2501	2.698101
2502	1.853003
2503	2.397071
2504	2.220979
2505	2.698101
2506	2.698101
2507	2.698101
2508	2.698101
2509	2.397071
2510	2.698101
2511	2.698101
2512	2.698101
2513	2.698101
2514	2.698101
2515	2.698101
2516	2.698101
2517	2.698101
2518	2.698101
2519	2.698101
2520	2.698101
2521	2.698101
2522	2.698101
2523	2.698101
2524	2.220979
2525	1.551973
2526	2.397071
2527	2.397071
2528	2.698101
2529	2.698101
2530	2.698101
2531	2.698101
2532	2.220979
2533	2.220979
2534	1.467652
2535	2.397071
2536	2.096040
2537	2.220979
2538	2.096040
2539	2.698101
2540	2.698101
2541	1.698101
2542	1.656708
2543	2.698101
2544	1.795011
2545	2.096040
2546	2.698101
2547	2.698101
2548	2.397071
2549	2.698101
2550	2.397071
2551	1.919949
2552	2.397071
2553	1.999130
2554	2.698101
2555	2.096040
2556	2.096040
2557	2.698101
2558	1.999130
2559	1.919949
2560	1.999130
2561	2.096040
2562	2.698101
2563	2.220979
2564	2.698101
2565	2.220979
2566	2.698101
2567	1.795011
2568	2.698101
2569	2.698101
2570	2.096040
2571	2.698101
2572	2.096040
2573	2.096040
2574	2.698101
2575	2.698101
2576	2.698101
2577	2.096040
2578	2.397071
2579	2.397071
2580	1.999130
2581	2.698101
2582	2.096040
2583	2.397071
2584	2.220979
2585	2.698101
2586	2.698101
2587	2.698101
2588	2.397071
2589	1.999130
2590	2.698101
2591	2.698101
2592	1.999130
2593	2.698101
2594	2.698101
2595	2.698101
2596	2.397071
2597	2.698101
2598	2.698101
2599	2.220979
2600	1.656708
2601	2.698101
2602	1.919949
2603	2.397071
2604	2.698101
2605	2.397071
2606	2.698101
2607	1.853003
2608	2.698101
2609	2.698101
2610	2.698101
2611	2.698101
2612	1.919949
2613	2.220979
2614	2.698101
2615	2.698101
2616	2.698101
2617	1.999130
2618	2.698101
2619	2.698101
2620	2.698101
2621	1.853003
2622	2.698101
2623	1.999130
2624	2.096040
2625	2.397071
2626	2.220979
2627	2.220979
2628	2.698101
2629	2.698101
2630	2.698101
2631	2.220979
2632	2.698101
2633	2.220979
2634	1.743858
2635	2.698101
2636	2.698101
2637	2.698101
2638	2.698101
2639	2.698101
2640	2.220979
2641	2.698101
2642	2.096040
2643	2.397071
2644	2.698101
2645	2.698101
2646	2.698101
2647	2.397071
2648	2.397071
2649	2.698101
2650	2.698101
2651	2.698101
2652	2.698101
2653	2.698101
2654	2.698101
2655	2.397071
2656	2.397071
2657	2.096040
2658	2.698101
2659	2.220979
2660	2.096040
2661	2.698101
2662	2.220979
2663	2.220979
2664	2.397071
2665	2.220979
2666	2.698101
2667	2.698101
2668	2.698101
2669	2.698101
2670	2.698101
2671	2.698101
2672	2.698101
2673	2.698101
2674	2.698101
2675	1.999130
2676	2.698101
2677	2.698101
2678	2.698101
2679	2.698101
2680	2.698101
2681	2.397071
2682	2.698101
2683	2.220979
2684	2.698101
2685	2.397071
2686	2.698101
2687	2.220979
2688	2.220979
2689	1.853003
2690	1.656708
2691	2.096040
2692	2.698101
2693	2.698101
2694	2.397071
2695	2.397071
2696	1.999130
2697	2.397071
2698	2.397071
2699	2.220979
2700	1.743858
2701	2.096040
2702	2.220979
2703	1.698101
2704	2.698101
2705	2.698101
2706	1.999130
2707	2.096040
2708	2.698101
2709	2.698101
2710	2.698101
2711	2.698101
2712	2.698101
2713	2.698101
2714	2.397071
2715	2.096040
2716	2.698101
2717	2.220979
2718	2.397071
2719	2.698101
2720	2.698101
2721	2.698101
2722	2.220979
2723	2.220979
2724	2.397071
2725	2.397071
2726	2.698101
2727	2.698101
2728	2.698101
2729	2.698101
2730	2.397071
2731	2.397071
2732	2.698101
2733	2.698101
2734	2.698101
2735	2.698101
2736	2.698101
2737	1.999130
2738	2.397071
2739	2.096040
2740	2.698101
2741	2.698101
2742	2.698101
2743	2.698101
2744	2.698101
2745	2.698101
2746	2.698101
2747	2.698101
2748	2.698101
2749	2.698101
2750	2.397071
2751	2.397071
2752	2.397071
2753	2.698101
2754	2.698101
2755	1.919949
2756	2.397071
2757	2.698101
2758	2.698101
2759	2.698101
2760	2.397071
2761	2.220979
2762	2.397071
2763	1.919949
2764	2.220979
2765	2.698101
2766	2.397071
2767	2.397071
2768	1.999130
2769	2.397071
2770	2.698101
2771	2.397071
2772	2.397071
2773	2.397071
2774	1.999130
2775	2.397071
2776	2.397071
2777	2.397071
2778	2.397071
2779	1.795011
2780	2.096040
2781	2.220979
2782	2.220979
2783	2.397071
2784	1.656708
2785	1.919949
2786	2.220979
2787	2.698101
2788	2.698101
2789	2.220979
2790	2.698101
2791	2.096040
2792	1.795011
2793	2.698101
2794	2.698101
2795	2.220979
2796	2.698101
2797	2.397071
2798	2.698101
2799	2.698101
2800	2.397071
2801	2.397071
2802	2.698101
2803	2.698101
2804	2.698101
2805	2.698101
2806	2.698101
2807	2.397071
2808	2.220979
2809	2.698101
2810	2.096040
2811	2.397071
2812	2.698101
2813	2.397071
2814	1.999130
2815	2.220979
2816	1.919949
2817	2.397071
2818	2.397071
2819	2.096040
2820	1.919949
2821	1.999130
2822	2.096040
2823	2.397071
2824	2.397071
2825	2.397071
2826	1.522009
2827	2.397071
2828	2.397071
2829	2.397071
2830	1.919949
2831	2.698101
2832	2.397071
2833	1.795011
2834	2.698101
2835	2.698101
2836	2.698101
2837	2.397071
2838	2.698101
2839	1.999130
2840	2.698101
2841	2.397071
2842	2.698101
2843	2.698101
2844	1.919949
2845	2.698101
2846	2.698101
2847	1.999130
2848	2.220979
2849	2.698101
2850	2.698101
2851	2.698101
2852	2.698101
2853	2.698101
2854	2.397071
2855	2.698101
2856	2.698101
2857	2.698101
2858	2.397071
2859	2.397071
2860	2.698101
2861	2.220979
2862	2.698101
2863	2.698101
2864	2.397071
2865	2.698101
2866	2.698101
2867	2.220979
2868	2.397071
2869	2.698101
2870	2.698101
2871	2.397071
2872	1.999130
2873	2.220979
2874	2.096040
2875	2.698101
2876	2.698101
2877	1.919949
2878	2.397071
2879	2.397071
2880	2.698101
2881	2.220979
2882	2.698101
2883	2.096040
2884	2.698101
2885	2.698101
2886	1.919949
2887	2.397071
2888	2.397071
2889	2.698101
2890	2.698101
2891	2.698101
2892	2.698101
2893	2.698101
2894	2.698101
2895	2.698101
2896	2.698101
2897	2.698101
2898	2.698101
2899	2.220979
2900	2.096040
2901	2.397071
2902	2.220979
2903	1.999130
2904	2.397071
2905	2.698101
2906	2.397071
2907	2.698101
2908	2.698101
2909	2.220979
2910	2.698101
2911	2.698101
2912	1.266737
2913	1.853003
2914	1.919949
2915	1.919949
2916	2.096040
2917	1.999130
2918	2.698101
2919	2.698101
2920	2.397071
2921	2.698101
2922	2.397071
2923	2.397071
2924	2.220979
2925	2.698101
2926	1.919949
2927	2.698101
2928	2.397071
2929	2.397071
2930	2.698101
2931	2.698101
2932	2.220979
2933	2.220979
2934	2.698101
2935	2.397071
2936	2.397071
2937	2.220979
2938	2.397071
2939	2.397071
2940	2.220979
2941	2.397071
2942	2.698101
2943	2.698101
2944	2.397071
2945	2.397071
2946	1.919949
2947	2.698101
2948	2.397071
2949	1.853003
2950	1.919949
2951	1.999130
2952	2.220979
2953	2.698101
2954	2.698101
2955	2.397071
2956	2.698101
2957	2.698101
2958	2.698101
2959	2.397071
2960	2.698101
2961	2.698101
2962	2.096040
2963	2.698101
2964	2.698101
2965	2.698101
2966	2.220979
2967	2.220979
2968	2.397071
2969	2.698101
2970	2.698101
2971	1.584157
2972	1.919949
2973	2.397071
2974	2.220979
2975	2.698101
2976	2.698101
2977	2.698101
2978	2.397071
2979	2.220979
2980	2.698101
2981	2.698101
2982	2.397071
2983	2.698101
2984	1.551973
2985	1.698101
2986	2.397071
2987	2.397071
2988	2.698101
2989	2.698101
2990	2.698101
2991	2.220979
2992	2.220979
2993	2.698101
2994	2.397071
2995	1.999130
2996	2.397071
2997	2.220979
2998	2.698101
2999	2.698101
3000	2.698101
3001	2.698101
3002	2.698101
3003	2.698101
3004	2.220979
3005	2.397071
3006	2.397071
3007	2.698101
3008	2.698101
3009	2.220979
3010	2.096040
3011	1.999130
3012	2.397071
3013	2.698101
3014	2.698101
3015	2.397071
3016	2.698101
3017	2.698101
3018	2.698101
3019	2.698101
3020	1.853003
3021	2.220979
3022	2.698101
3023	1.698101
3024	2.698101
3025	1.853003
3026	2.698101
3027	2.698101
3028	2.698101
3029	2.698101
3030	2.698101
3031	2.698101
3032	2.698101
3033	2.698101
3034	1.999130
3035	2.698101
3036	2.698101
3037	2.698101
3038	2.220979
3039	2.698101
3040	2.698101
3041	2.220979
3042	2.397071
3043	1.999130
3044	2.698101
3045	2.220979
3046	2.397071
3047	2.698101
3048	2.096040
3049	2.397071
3050	2.397071
3051	2.397071
3052	1.999130
3053	1.919949
3054	2.698101
3055	2.698101
3056	2.698101
3057	2.397071
3058	2.397071
3059	2.096040
3060	2.220979
3061	2.220979
3062	2.220979
3063	2.096040
3064	1.919949
3065	2.698101
3066	2.698101
3067	2.698101
3068	2.698101
3069	2.698101
3070	2.220979
3071	1.795011
3072	2.698101
3073	2.698101
3074	2.096040
3075	2.698101
3076	2.698101
3077	1.999130
3078	2.220979
3079	2.698101
3080	2.698101
3081	2.397071
3082	2.220979
3083	2.698101
3084	1.919949
3085	2.698101
3086	2.698101
3087	1.656708
3088	2.220979
3089	2.397071
3090	2.220979
3091	1.919949
3092	2.397071
3093	2.397071
3094	2.220979
3095	2.220979
3096	2.397071
3097	2.397071
3098	1.999130
3099	2.397071
3100	2.397071
3101	2.096040
3102	2.397071
3103	2.096040
3104	1.999130
3105	2.397071
3106	2.397071
3107	1.919949
3108	2.397071
3109	2.096040
3110	1.919949
3111	2.220979
3112	2.397071
3113	2.220979
3114	1.999130
3115	2.397071
3116	2.397071
3117	2.220979
3118	2.397071
3119	2.397071
3120	2.397071
3121	2.220979
3122	2.397071
3123	2.220979
3124	2.397071
3125	2.397071
3126	2.220979
3127	2.397071
3128	2.397071
3129	2.397071
3130	2.220979
3131	2.397071
3132	1.999130
3133	2.096040
3134	2.096040
3135	2.397071
3136	2.397071
3137	1.853003
3138	2.397071
3139	2.397071
3140	2.220979
3141	1.853003
3142	2.096040
3143	2.397071
3144	2.397071
3145	2.397071
3146	2.397071
3147	2.397071
3148	2.397071
3149	2.397071
3150	2.220979
3151	2.397071
3152	2.220979
3153	2.096040
3154	2.220979
3155	2.220979
3156	2.220979
3157	2.397071
3158	2.220979
3159	2.397071
3160	2.220979
3161	2.397071
3162	2.397071
3163	2.096040
3164	2.397071
3165	2.397071
3166	2.397071
3167	2.397071
3168	2.397071
3169	2.397071
3170	2.220979
3171	2.220979
3172	2.397071
3173	2.698101
3174	2.698101
3175	2.698101
3176	2.698101
3177	2.698101
3178	2.698101
3179	2.397071
3180	2.096040
3181	2.397071
3182	2.698101
3183	2.698101
3184	2.220979
3185	2.698101
3186	1.999130
3187	2.698101
3188	2.698101
3189	2.698101
3190	2.220979
3191	2.698101
3192	2.397071
3193	1.999130
3194	2.397071
3195	2.220979
3196	2.096040
3197	2.397071
3198	1.999130
3199	2.220979
3200	2.397071
3201	2.397071
3202	2.397071
3203	2.397071
3204	2.397071
3205	2.397071
3206	2.397071
3207	2.397071
3208	2.096040
3209	1.999130
3210	2.397071
3211	1.853003
3212	2.096040
3213	1.999130
3214	2.397071
3215	1.999130
3216	2.397071
3217	2.397071
3218	2.220979
3219	2.698101
3220	2.698101
3221	1.853003
3222	2.698101
3223	2.220979
3224	2.698101
3225	2.698101
3226	2.698101
3227	2.096040
3228	2.096040
3229	1.999130
3230	2.698101
3231	2.397071
3232	2.220979
3233	2.698101
3234	2.698101
3235	2.698101
3236	2.397071
3237	2.096040
3238	2.698101
3239	2.698101
3240	2.698101
3241	2.397071
3242	2.698101
3243	1.919949
3244	2.698101
3245	2.698101
3246	2.220979
3247	2.698101
3248	2.397071
3249	2.397071
3250	2.397071
3251	2.397071
3252	2.698101
3253	1.999130
3254	2.397071
3255	2.698101
3256	2.698101
3257	2.397071
3258	2.698101
3259	2.698101
3260	2.397071
3261	2.220979
3262	2.698101
3263	2.397071
3264	2.698101
3265	2.698101
3266	2.397071
3267	2.220979
3268	2.397071
3269	2.397071
3270	2.397071
3271	2.220979
3272	2.698101
3273	2.698101
3274	2.698101
3275	2.698101
3276	2.220979
3277	2.397071
3278	2.698101
3279	1.853003
3280	2.096040
3281	2.698101
3282	2.397071
3283	2.397071
3284	2.698101
3285	2.698101
3286	1.656708
3287	2.220979
3288	2.698101
3289	2.698101
3290	1.919949
3291	2.698101
3292	2.698101
3293	2.698101
3294	2.397071
3295	2.397071
3296	2.397071
3297	2.397071
3298	2.220979
3299	2.397071
3300	1.919949
3301	2.096040
3302	2.397071
3303	2.698101
3304	2.397071
3305	2.698101
3306	2.698101
3307	2.397071
3308	2.698101
3309	2.698101
3310	2.397071
3311	2.397071
3312	2.698101
3313	2.698101
3314	1.999130
3315	2.698101
3316	2.096040
3317	2.220979
3318	2.698101
3319	2.698101
3320	2.698101
3321	2.698101
3322	2.698101
3323	2.397071
3324	2.220979
3325	2.096040
3326	2.397071
3327	2.698101
3328	2.698101
3329	2.698101
3330	2.397071
3331	2.397071
3332	2.698101
3333	2.096040
3334	2.397071
3335	2.698101
3336	2.698101
3337	2.698101
3338	2.397071
3339	2.698101
3340	2.698101
3341	2.698101
3342	2.220979
3343	2.698101
3344	2.698101
3345	2.397071
3346	2.397071
3347	2.698101
3348	2.397071
3349	2.698101
3350	2.397071
3351	2.698101
3352	2.397071
3353	2.698101
3354	2.698101
3355	2.397071
3356	2.698101
3357	2.220979
3358	2.698101
3359	2.698101
3360	2.397071
3361	2.220979
3362	2.698101
3363	2.698101
3364	2.698101
3365	2.698101
3366	2.698101
3367	2.220979
3368	2.698101
3369	2.397071
3370	2.397071
3371	1.919949
3372	2.096040
3373	2.698101
3374	2.397071
3375	2.397071
3376	2.397071
3377	2.698101
3378	2.698101
3379	2.698101
3380	2.698101
3381	2.698101
3382	2.698101
3383	2.698101
3384	2.096040
3385	2.698101
3386	2.397071
3387	2.220979
3388	2.220979
3389	1.853003
3390	1.999130
3391	2.397071
3392	2.397071
3393	2.397071
3394	2.397071
3395	2.397071
3396	2.397071
3397	2.397071
3398	2.220979
3399	2.397071
3400	2.397071
3401	2.698101
3402	2.698101
3403	2.397071
3404	1.999130
3405	2.698101
3406	2.698101
3407	2.698101
3408	2.698101
3409	2.698101
3410	2.698101
3411	2.698101
3412	2.698101
3413	2.698101
3414	2.698101
3415	2.698101
3416	2.698101
3417	2.698101
3418	2.698101
3419	2.397071
3420	2.397071
3421	1.743858
3422	2.397071
3423	2.698101
3424	2.698101
3425	2.397071
3426	2.096040
3427	2.397071
3428	1.999130
3429	2.220979
3430	2.220979
3431	2.096040
3432	2.397071
3433	2.397071
3434	2.698101
3435	2.698101
3436	2.698101
3437	2.698101
3438	2.220979
3439	2.220979
3440	2.397071
3441	2.698101
3442	2.397071
3443	2.698101
3444	2.698101
3445	2.698101
3446	2.698101
3447	2.698101
3448	2.397071
3449	2.397071
3450	2.397071
3451	2.397071
3452	2.397071
3453	2.220979
3454	2.698101
3455	2.698101
3456	2.698101
3457	2.698101
3458	2.096040
3459	2.698101
3460	2.698101
3461	2.698101
3462	2.698101
3463	1.919949
3464	2.698101
3465	2.698101
3466	2.698101
3467	2.698101
3468	2.698101
3469	2.698101
3470	2.397071
3471	2.397071
3472	2.698101
3473	2.698101
3474	2.698101
3475	2.698101
3476	2.698101
3477	2.698101
3478	2.698101
3479	2.397071
3480	2.698101
3481	2.698101
3482	2.698101
3483	2.698101
3484	2.698101
3485	2.220979
3486	2.220979
3487	2.397071
3488	2.220979
3489	2.220979
3490	2.698101
3491	2.698101
3492	2.698101
3493	2.698101
3494	2.220979
3495	2.698101
3496	2.397071
3497	2.698101
3498	2.698101
3499	1.618919
3500	2.698101
3501	2.698101
3502	2.698101
3503	2.698101
3504	2.698101
3505	2.698101
3506	2.698101
3507	2.698101
3508	2.096040
3509	2.698101
3510	2.698101
3511	1.999130
3512	2.397071
3513	2.698101
3514	2.698101
3515	2.698101
3516	2.698101
3517	2.698101
3518	2.698101
3519	2.397071
3520	2.220979
3521	2.698101
3522	2.698101
3523	2.096040
3524	2.698101
3525	2.698101
3526	1.999130
3527	2.096040
3528	2.698101
3529	2.698101
3530	2.698101
3531	2.698101
3532	2.397071
3533	2.397071
3534	2.397071
3535	2.096040
3536	1.853003
3537	2.397071
3538	2.397071
3539	2.397071
3540	2.397071
3541	2.397071
3542	2.397071
3543	2.698101
3544	2.220979
3545	2.220979
3546	2.220979
3547	2.397071
3548	2.220979
3549	2.397071
3550	2.698101
3551	2.397071
3552	2.397071
3553	2.397071
3554	2.397071
3555	2.698101
3556	2.698101
3557	2.698101
3558	2.698101
3559	2.698101
3560	2.397071
3561	2.220979
3562	2.698101
3563	1.999130
3564	2.220979
3565	2.397071
3566	2.698101
3567	2.397071
3568	2.698101
3569	2.698101
3570	2.698101
3571	2.698101
3572	2.220979
3573	2.698101
3574	2.698101
3575	2.698101
3576	2.698101
3577	2.698101
3578	2.698101
3579	2.397071
3580	2.397071
3581	2.698101
3582	2.698101
3583	2.698101
3584	2.698101
3585	2.397071
3586	2.698101
3587	2.397071
3588	2.698101
3589	2.698101
3590	2.698101
3591	2.698101
3592	2.397071
3593	2.698101
3594	2.698101
3595	2.397071
3596	2.698101
3597	2.698101
3598	2.220979
3599	2.397071
3600	2.698101
3601	2.698101
3602	2.698101
3603	2.698101
3604	2.698101
3605	2.698101
3606	2.698101
3607	2.698101
3608	2.698101
3609	2.698101
3610	2.698101
3611	2.096040
3612	2.698101
3613	2.698101
3614	2.698101
3615	2.698101
3616	2.397071
3617	2.698101
3618	2.096040
3619	2.096040
3620	2.397071
3621	2.397071
3622	2.698101
3623	2.397071
3624	2.698101
3625	2.698101
3626	2.698101
3627	2.698101
3628	2.698101
3629	2.698101
3630	2.698101
3631	2.698101
3632	2.220979
3633	2.698101
3634	2.698101
3635	2.698101
3636	2.397071
3637	2.698101
3638	2.397071
3639	2.397071
3640	2.698101
3641	2.698101
3642	2.698101
3643	2.698101
3644	2.698101
3645	2.698101
3646	2.698101
3647	2.698101
3648	2.698101
3649	2.698101
3650	2.698101
3651	2.698101
3652	2.698101
3653	2.397071
3654	2.397071
3655	2.220979
3656	2.220979
3657	2.220979
3658	2.397071
3659	2.397071
3660	2.096040
3661	2.397071
3662	2.397071
3663	2.096040
3664	2.096040
3665	2.220979
3666	2.397071
3667	2.397071
3668	2.220979
3669	2.397071
3670	2.397071
3671	2.397071
3672	2.397071
3673	2.698101
3674	2.698101
3675	2.698101
3676	2.220979
3677	2.698101
3678	2.698101
3679	2.698101
3680	2.698101
3681	2.698101
3682	2.698101
3683	1.999130
3684	2.397071
3685	2.397071
3686	2.397071
3687	2.397071
3688	2.096040
3689	2.397071
3690	2.220979
3691	2.397071
3692	2.397071
3693	2.397071
3694	1.656708
3695	2.397071
3696	2.698101
3697	2.220979
3698	2.698101
3699	2.397071
3700	2.698101
3701	2.698101
3702	2.698101
3703	2.698101
3704	2.397071
3705	2.397071
3706	2.397071
3707	2.397071
3708	2.698101
3709	2.698101
3710	2.698101
3711	2.698101
3712	1.853003
3713	2.698101
3714	2.698101
3715	2.698101
3716	2.698101
3717	2.698101
3718	2.698101
3719	2.397071
3720	2.698101
3721	2.698101
3722	2.698101
3723	2.397071
3724	2.220979
3725	2.698101
3726	1.999130
3727	2.698101
3728	2.698101
3729	2.698101
3730	2.698101
3731	2.397071
3732	2.698101
3733	1.999130
3734	1.999130
3735	2.698101
3736	2.096040
3737	2.220979
3738	2.397071
3739	2.096040
3740	2.698101
3741	2.397071
3742	2.220979
3743	2.220979
3744	2.698101
3745	2.698101
3746	2.397071
3747	2.220979
3748	1.795011
3749	2.397071
3750	2.698101
3751	2.397071
3752	2.397071
3753	2.698101
3754	2.698101
3755	2.698101
3756	2.698101
3757	2.698101
3758	2.698101
3759	2.397071
3760	2.698101
3761	2.096040
3762	2.698101
3763	2.698101
3764	2.698101
3765	2.698101
3766	2.698101
3767	2.220979
3768	2.698101
3769	2.096040
3770	2.698101
3771	2.698101
3772	2.698101
3773	2.698101
3774	1.919949
3775	2.698101
3776	2.698101
3777	2.698101
3778	2.698101
3779	2.698101
3780	2.698101
3781	2.698101
3782	2.698101
3783	2.698101
3784	2.698101
3785	2.698101
3786	2.698101
3787	2.698101
3788	2.698101
3789	2.698101
3790	2.698101
3791	2.698101
3792	2.698101
3793	2.698101
3794	2.698101
3795	2.698101
3796	2.698101
3797	2.698101
3798	2.698101
3799	2.698101
3800	2.698101
3801	2.698101
3802	2.698101
3803	2.698101
3804	2.698101
3805	2.397071
3806	2.698101
3807	2.220979
3808	2.698101
3809	2.698101
3810	2.698101
3811	2.698101
3812	2.698101
3813	2.698101
3814	2.698101
3815	2.698101
3816	2.698101
3817	2.397071
3818	2.698101
3819	2.698101
3820	2.698101
3821	2.698101
3822	2.397071
3823	2.698101
3824	2.397071
3825	2.698101
3826	2.698101
3827	2.698101
3828	2.698101
3829	2.698101
3830	2.698101
3831	2.698101
3832	2.397071
3833	2.397071
3834	2.698101
3835	2.698101
3836	2.397071
3837	2.096040
3838	2.698101
3839	2.698101
3840	2.698101
3841	2.698101
3842	2.397071
3843	2.698101
3844	2.397071
3845	2.698101
3846	2.698101
3847	2.698101
3848	2.220979
3849	2.698101
3850	2.698101
3851	2.698101
3852	2.698101
3853	2.698101
3854	2.698101
3855	2.698101
3856	2.698101
3857	2.698101
3858	2.698101
3859	2.698101
3860	2.698101
3861	2.698101
3862	2.698101
3863	2.698101
3864	2.698101
3865	2.397071
3866	2.698101
3867	2.397071
3868	2.698101
3869	2.698101
3870	2.698101
3871	2.698101
3872	2.698101
3873	2.698101
3874	2.698101
3875	2.397071
3876	2.698101
3877	2.698101
3878	2.698101
3879	2.397071
3880	2.698101
3881	2.698101
3882	2.698101
3883	2.397071
3884	2.698101
3885	2.698101
3886	2.698101
3887	2.698101
3888	2.698101
3889	2.096040
3890	2.698101
3891	2.698101
3892	2.698101
3893	2.698101
3894	2.698101
3895	2.698101
3896	2.698101
3897	2.698101
3898	2.397071
3899	2.397071
3900	2.397071
3901	2.397071
3902	2.096040
3903	2.096040
3904	2.220979
3905	2.220979
3906	1.919949
3907	2.698101
3908	2.397071
3909	2.698101
3910	2.698101
3911	2.698101
3912	2.698101
3913	2.397071
3914	2.397071
3915	2.698101
3916	2.397071
3917	2.698101
3918	1.919949
3919	2.698101
3920	2.698101
3921	2.698101
3922	2.698101
3923	2.698101
3924	2.698101
3925	2.698101
3926	2.698101
3927	2.220979
3928	2.397071
3929	1.999130
3930	2.698101
3931	2.698101
3932	2.096040
3933	2.397071
3934	2.397071
3935	2.698101
3936	2.698101
3937	2.698101
3938	2.698101
3939	2.698101
3940	2.397071
3941	2.698101
3942	2.698101
3943	2.698101
3944	2.698101
3945	2.698101
3946	2.698101
3947	2.698101
3948	2.698101
3949	2.698101
3950	2.698101
3951	2.397071
3952	2.096040
3953	2.698101
3954	2.698101
3955	2.698101
3956	2.698101
3957	1.999130
3958	2.096040
3959	2.698101
3960	2.698101
3961	2.698101
3962	2.698101
3963	2.698101
3964	2.397071
3965	2.698101
3966	2.698101
3967	2.698101
3968	2.698101
3969	2.220979
3970	2.698101
3971	2.698101
3972	2.698101
3973	2.698101
3974	2.397071
3975	2.397071
3976	2.220979
3977	2.698101
3978	2.698101
3979	2.220979
3980	2.220979
3981	2.397071
3982	2.397071
3983	2.397071
3984	2.698101
3985	2.698101
3986	2.698101
3987	2.698101
3988	2.698101
3989	2.698101
3990	2.698101
3991	2.220979
3992	2.698101
3993	2.698101
3994	2.698101
3995	2.698101
3996	2.096040
3997	2.698101
3998	2.220979
3999	2.698101
4000	2.698101
4001	2.698101
4002	2.698101
4003	2.698101
4004	2.698101
4005	2.698101
4006	2.698101
4007	2.698101
4008	2.698101
4009	2.698101
4010	2.698101
4011	2.698101
4012	2.698101
4013	2.698101
4014	2.698101
4015	2.698101
4016	2.397071
4017	2.397071
4018	2.698101
4019	2.397071
4020	2.698101
4021	2.698101
4022	2.698101
4023	1.853003
4024	2.698101
4025	2.698101
4026	2.698101
4027	2.698101
4028	2.698101
4029	2.698101
4030	2.698101
4031	2.397071
4032	2.698101
4033	2.698101
4034	2.698101
4035	2.698101
4036	2.698101
4037	2.220979
4038	2.698101
4039	2.698101
4040	2.698101
4041	2.698101
4042	2.698101
4043	2.698101
4044	2.698101
4045	2.698101
4046	2.698101
4047	2.096040
4048	2.698101
4049	2.220979
4050	2.698101
4051	2.220979
4052	2.698101
4053	2.698101
4054	2.698101
4055	2.698101
4056	2.698101
4057	2.397071
4058	2.698101
4059	2.220979
4060	2.698101
4061	2.698101
4062	2.698101
4063	1.795011
4064	2.698101
4065	2.698101
4066	2.220979
4067	2.698101
4068	2.698101
4069	2.397071
4070	2.220979
4071	2.397071
4072	2.698101
4073	2.698101
4074	2.698101
4075	2.698101
4076	2.220979
4077	2.698101
4078	2.698101
4079	2.698101
4080	2.698101
4081	2.698101
4082	2.698101
4083	2.397071
4084	2.698101
4085	2.698101
4086	2.698101
4087	2.698101
4088	2.698101
4089	2.698101
4090	2.698101
4091	2.698101
4092	2.698101
4093	2.698101
4094	2.698101
4095	2.698101
4096	2.698101
4097	2.698101
4098	2.698101
4099	2.220979
4100	2.698101
4101	2.698101
4102	2.698101
4103	2.698101
4104	2.698101
4105	2.698101
4106	2.220979
4107	2.220979
4108	2.698101
4109	2.698101
4110	2.698101
4111	2.698101
4112	2.698101
4113	1.999130
4114	2.220979
4115	2.220979
4116	2.698101
4117	2.698101
4118	1.999130
4119	2.397071
4120	2.698101
4121	2.698101
4122	2.397071
4123	2.397071
4124	2.698101
4125	2.397071
4126	2.397071
4127	2.698101
4128	2.698101
4129	2.698101
4130	2.698101
4131	2.698101
4132	2.698101
4133	2.096040
4134	2.220979
4135	2.397071
4136	2.698101
4137	2.698101
4138	2.698101
4139	2.698101
4140	2.698101
4141	2.698101
4142	2.397071
4143	2.698101
4144	2.698101
4145	2.220979
4146	2.698101
4147	2.698101
4148	2.698101
4149	2.698101
4150	2.397071
4151	2.698101
4152	2.698101
4153	2.698101
4154	2.698101
4155	2.698101
4156	2.397071
4157	2.698101
4158	2.698101
4159	2.698101
4160	2.698101
4161	2.698101
4162	2.698101
4163	2.698101
4164	2.698101
4165	2.698101
4166	2.220979
4167	2.397071
4168	2.698101
4169	2.698101
4170	2.698101
4171	2.698101
4172	2.220979
4173	2.698101
4174	2.698101
4175	2.698101
4176	2.698101
4177	2.698101
4178	2.698101
4179	2.698101
4180	2.698101
4181	2.698101
4182	1.999130
4183	2.698101
4184	2.698101
4185	2.698101
4186	2.698101
4187	2.698101
4188	2.698101
4189	2.698101
4190	2.698101
4191	2.698101
4192	2.698101
4193	2.698101
4194	2.698101
4195	2.698101
4196	2.397071
4197	2.220979
4198	2.698101
4199	2.698101
4200	2.698101
4201	2.698101
4202	2.698101
4203	2.698101
4204	2.698101
4205	2.698101
4206	2.698101
4207	2.397071
4208	2.698101
4209	2.698101
4210	2.698101
4211	2.698101
4212	2.698101
4213	2.220979
4214	2.698101
4215	2.698101
4216	2.698101
4217	2.698101
4218	2.698101
4219	2.698101
4220	2.397071
4221	2.397071
4222	2.698101
4223	2.698101
4224	2.397071
4225	2.397071
4226	2.698101
4227	2.698101
4228	2.698101
4229	2.698101
4230	2.397071
4231	2.698101
4232	2.698101
4233	2.397071
4234	2.698101
4235	2.698101
4236	2.698101
4237	2.698101
4238	2.698101
4239	2.698101
4240	2.698101
4241	2.698101
4242	2.698101
4243	2.698101
4244	2.698101
4245	2.698101
4246	2.698101
4247	2.698101
4248	2.698101
4249	2.698101
4250	2.698101
4251	2.698101
4252	2.698101
4253	2.698101
4254	2.397071
4255	2.698101
4256	2.397071
4257	2.698101
4258	2.698101
4259	2.698101
4260	2.698101
4261	2.698101
4262	2.220979
4263	2.698101
4264	2.698101
4265	2.698101
4266	2.698101
4267	2.698101
4268	2.698101
4269	2.698101
4270	2.698101
4271	2.698101
4272	2.698101
4273	2.698101
4274	2.698101
4275	2.397071
4276	2.397071
4277	2.397071
4278	2.698101
4279	2.698101
4280	2.698101
4281	2.698101
4282	2.698101
4283	2.698101
4284	2.698101
4285	2.698101
4286	2.698101
4287	2.698101
4288	2.397071
4289	2.698101
4290	2.698101
4291	2.698101
4292	2.698101
4293	2.397071
4294	2.698101
4295	2.698101
4296	2.698101
4297	2.397071
4298	2.698101
4299	2.698101
4300	2.397071
4301	2.698101
4302	2.397071
4303	1.919949
4304	2.096040
4305	2.397071
4306	2.397071
4307	2.397071
4308	2.698101
4309	2.698101
4310	2.698101
4311	2.698101
4312	2.698101
4313	2.698101
4314	2.698101
4315	2.698101
4316	2.698101
4317	2.698101
4318	2.698101
4319	2.698101
4320	2.698101
4321	2.698101
4322	1.743858
4323	2.698101
4324	2.698101
4325	2.698101
4326	2.698101
4327	2.698101
4328	2.397071
4329	2.698101
4330	2.698101
4331	2.698101
4332	2.698101
4333	2.698101
4334	2.397071
4335	2.397071
4336	2.096040
4337	2.698101
4338	2.698101
4339	2.698101
4340	2.698101
4341	2.698101
4342	2.698101
4343	2.698101
4344	2.698101
4345	2.698101
4346	2.698101
4347	2.698101
4348	2.220979
4349	2.698101
4350	2.397071
4351	2.698101
4352	2.698101
4353	2.397071
4354	2.698101
4355	2.397071
4356	2.698101
4357	2.698101
4358	2.698101
4359	2.698101
4360	2.698101
4361	2.698101
4362	2.698101
4363	2.698101
4364	2.698101
4365	2.698101
4366	2.698101
4367	2.698101
4368	2.698101
4369	2.698101
4370	2.698101
4371	2.698101
4372	2.698101
4373	2.698101
4374	2.698101
4375	2.698101
4376	2.698101
4377	2.698101
4378	2.698101
4379	2.698101
4380	2.698101
4381	2.698101
4382	2.698101
4383	2.698101
4384	2.397071
4385	2.698101
4386	2.698101
4387	2.698101
4388	2.220979
4389	2.220979
4390	2.698101
4391	2.698101
4392	2.698101
4393	2.397071
4394	2.397071
4395	2.698101
4396	2.698101
4397	2.698101
4398	2.397071
4399	2.698101
4400	2.698101
4401	2.397071
4402	2.698101
4403	2.698101
4404	2.397071
4405	2.698101
4406	2.698101
4407	2.397071
4408	2.397071
4409	2.397071
4410	2.397071
4411	2.698101
4412	2.698101
4413	2.698101
4414	2.698101
4415	2.698101
4416	2.397071
4417	2.397071
4418	2.698101
4419	2.698101
4420	2.698101
4421	2.397071
4422	2.397071
4423	2.698101
4424	2.698101
4425	2.698101
4426	2.698101
4427	2.698101
4428	2.220979
4429	2.698101
4430	2.698101
4431	2.698101
4432	2.397071
4433	2.397071
4434	2.698101
4435	2.698101
4436	2.698101
4437	2.698101
4438	2.698101
4439	2.698101
4440	2.698101
4441	2.698101
4442	2.220979
4443	2.397071
4444	2.698101
4445	2.698101
4446	2.698101
4447	2.698101
4448	2.698101
4449	2.698101
4450	2.698101
4451	2.698101
4452	2.698101
4453	2.698101
4454	2.397071
4455	2.397071
4456	2.397071
4457	2.397071
4458	2.397071
4459	1.853003
4460	2.096040
4461	2.698101
4462	2.698101
4463	2.698101
4464	2.220979
4465	2.698101
4466	2.698101
4467	2.698101
4468	2.698101
4469	2.698101
4470	2.698101
4471	2.698101
4472	2.698101
4473	2.698101
4474	2.698101
4475	2.698101
4476	2.397071
4477	2.698101
4478	2.698101
4479	2.698101
4480	2.698101
4481	2.698101
4482	2.698101
4483	2.698101
4484	2.397071
4485	2.698101
4486	2.698101
4487	2.698101
4488	2.397071
4489	2.698101
4490	2.397071
4491	2.698101
4492	2.220979
4493	2.397071
4494	2.698101
4495	2.698101
4496	2.397071
4497	2.698101
4498	2.698101
4499	2.698101
4500	2.698101
4501	2.698101
4502	2.698101
4503	2.698101
4504	2.698101
4505	2.698101
4506	2.698101
4507	2.698101
4508	2.698101
4509	2.698101
4510	2.698101
4511	2.698101
4512	2.397071
4513	2.397071
4514	1.919949
4515	2.220979
4516	2.397071
4517	2.698101
4518	2.698101
4519	2.698101
4520	2.698101
4521	2.698101
4522	2.698101
4523	2.698101
4524	2.698101
4525	1.999130
4526	2.096040
4527	2.698101
4528	2.698101
4529	2.698101
4530	2.698101
4531	2.698101
4532	2.698101
4533	2.698101
4534	2.698101
4535	2.698101
4536	2.698101
4537	2.698101
4538	2.698101
4539	2.698101
4540	2.698101
4541	2.698101
4542	2.698101
4543	2.698101
4544	2.397071
4545	2.698101
4546	2.698101
4547	2.397071
4548	2.220979
4549	2.397071
4550	2.397071
4551	2.397071
4552	2.397071
4553	2.397071
4554	2.698101
4555	2.698101
4556	2.698101
4557	2.698101
4558	2.698101
4559	2.698101
4560	2.698101
4561	2.698101
4562	2.397071
4563	2.698101
4564	2.220979
4565	2.698101
4566	2.698101
4567	2.698101
4568	2.698101
4569	2.698101
4570	2.698101
4571	2.698101
4572	2.698101
4573	2.698101
4574	2.698101
4575	2.698101
4576	2.698101
4577	2.698101
4578	2.698101
4579	2.397071
4580	2.698101
4581	2.397071
4582	2.698101
4583	2.698101
4584	2.698101
4585	2.397071
4586	2.397071
4587	2.698101
4588	2.698101
4589	2.698101
4590	2.397071
4591	2.698101
4592	2.698101
4593	2.698101
4594	2.397071
4595	2.698101
4596	2.698101
4597	2.698101
4598	2.220979
4599	2.397071
4600	2.698101
4601	2.698101
4602	2.698101
4603	2.698101
4604	2.698101
4605	2.698101
4606	2.698101
4607	2.698101
4608	2.698101
4609	2.397071
4610	2.397071
4611	2.397071
4612	1.999130
4613	2.698101
4614	2.397071
4615	2.397071
4616	2.698101
4617	1.999130
4618	2.698101
4619	2.698101
4620	2.698101
4621	2.698101
4622	2.698101
4623	2.698101
4624	2.698101
4625	2.698101
4626	2.698101
4627	2.698101
4628	2.698101
4629	2.698101
4630	2.698101
4631	2.698101
4632	2.698101
4633	2.698101
4634	2.220979
4635	2.397071
4636	2.397071
4637	2.698101
4638	2.698101
4639	2.698101
4640	2.698101
4641	2.698101
4642	2.397071
4643	2.698101
4644	2.220979
4645	2.698101
4646	2.698101
4647	2.096040
4648	2.698101
4649	2.698101
4650	2.220979
4651	2.698101
4652	2.698101
4653	2.698101
4654	2.698101
4655	2.698101
4656	2.698101
4657	2.698101
4658	2.698101
4659	2.698101
4660	2.698101
4661	2.698101
4662	2.698101
4663	2.698101
4664	2.698101
4665	2.698101
4666	2.397071
4667	2.698101
4668	2.698101
4669	2.698101
4670	2.698101
4671	2.397071
4672	2.698101
4673	2.698101
4674	2.698101
4675	2.698101
4676	2.698101
4677	2.698101
4678	2.397071
4679	2.397071
4680	2.698101
4681	2.698101
4682	2.698101
4683	1.999130
4684	2.397071
4685	2.698101
4686	2.698101
4687	2.698101
4688	2.397071
4689	2.698101
4690	2.698101
4691	2.698101
4692	2.698101
4693	2.698101
4694	2.698101
4695	2.698101
4696	2.698101
4697	2.698101
4698	2.698101
4699	2.698101
4700	2.698101
4701	2.698101
4702	2.698101
4703	2.698101
4704	2.698101
4705	2.698101
4706	2.698101
4707	2.698101
4708	2.698101
4709	2.698101
4710	2.698101
4711	2.698101
4712	2.698101
4713	2.698101
4714	2.698101
4715	2.698101
4716	2.698101
4717	2.698101
4718	2.698101
4719	2.397071
4720	2.698101
4721	2.698101
4722	2.397071
4723	2.698101
4724	2.698101
4725	2.698101
4726	2.698101
4727	2.698101
4728	2.698101
4729	2.397071
4730	2.698101
4731	2.698101
4732	2.698101
4733	2.698101
4734	2.698101
4735	2.397071
4736	2.397071
4737	2.220979
4738	2.220979
4739	2.397071
4740	2.397071
4741	2.096040
4742	2.397071
4743	2.397071
4744	2.397071
4745	2.397071
4746	2.096040
4747	2.397071
4748	2.698101
4749	2.698101
4750	2.698101
4751	2.698101
4752	2.698101
4753	2.698101
4754	2.698101
4755	2.397071
4756	2.397071
4757	2.397071
4758	2.698101
4759	2.698101
4760	2.698101
4761	2.698101
4762	2.698101
4763	2.397071
4764	2.698101
4765	2.698101
4766	2.397071
4767	2.698101
4768	2.698101
4769	2.698101
4770	2.698101
4771	2.698101
4772	2.698101
4773	2.698101
4774	2.698101
4775	2.698101
4776	2.698101
4777	2.698101
4778	2.397071
4779	2.698101
4780	2.698101
4781	2.698101
4782	2.698101
4783	2.698101
4784	2.698101
4785	2.698101
4786	2.698101
4787	2.698101
4788	2.698101
4789	2.397071
4790	2.397071
4791	2.698101
4792	2.698101
4793	2.397071
4794	2.698101
4795	2.698101
4796	2.698101
4797	2.698101
4798	2.698101
4799	2.698101
4800	2.698101
4801	2.698101
4802	2.698101
4803	2.698101
4804	2.698101
4805	2.698101
4806	2.397071
4807	2.698101
4808	2.698101
4809	2.698101
4810	2.698101
4811	2.698101
4812	2.698101
4813	2.397071
4814	2.397071
4815	2.397071
4816	2.397071
4817	2.397071
4818	2.397071
4819	2.397071
4820	2.397071
4821	2.698101
4822	2.698101
4823	2.698101
4824	2.698101
4825	2.698101
4826	2.698101
4827	2.698101
4828	2.698101
4829	2.698101
4830	2.698101
4831	2.698101
4832	2.698101
4833	2.698101
4834	2.698101
4835	2.698101
4836	2.698101
4837	2.698101
4838	2.698101
4839	2.698101
4840	2.698101
4841	2.698101
4842	2.698101
4843	2.698101
4844	2.397071
4845	2.698101
4846	2.698101
4847	2.698101
4848	2.698101
4849	2.698101
4850	2.698101
4851	2.698101
4852	2.397071
4853	2.698101
4854	2.698101
4855	2.698101
4856	2.698101
4857	2.698101
4858	2.698101
4859	2.698101
4860	2.698101
4861	2.397071
4862	2.397071
4863	2.698101
4864	2.397071
4865	2.698101
4866	2.698101
4867	2.698101
4868	2.397071
4869	2.397071
4870	2.698101
4871	2.698101
4872	2.397071
4873	2.698101
4874	2.698101
4875	2.698101
4876	2.698101
4877	2.698101
4878	2.698101
4879	2.220979
4880	2.397071
4881	2.397071
4882	2.698101
4883	2.698101
4884	2.698101
4885	2.698101
4886	2.698101
4887	2.698101
4888	2.698101
4889	2.698101
4890	2.698101
4891	2.698101
4892	2.698101
4893	2.698101
4894	2.698101
4895	2.698101
4896	2.698101
4897	2.698101
4898	2.698101
4899	2.698101
4900	2.698101
4901	2.698101
4902	2.698101
4903	2.698101
4904	2.698101
4905	2.397071
4906	2.698101
4907	2.698101
4908	2.698101
4909	2.698101
4910	2.698101
4911	2.698101
4912	2.698101
4913	2.698101
4914	2.698101
4915	2.698101
4916	2.698101
4917	2.698101
4918	2.698101
4919	2.698101
4920	2.698101
4921	2.698101
4922	2.698101
4923	2.698101
4924	2.698101
4925	2.698101
4926	2.698101
4927	2.397071
4928	2.698101
4929	2.220979
4930	2.698101
4931	2.698101
4932	2.698101
4933	2.698101
4934	2.698101
4935	2.698101
4936	2.698101
4937	2.698101
4938	2.698101
4939	2.698101
4940	2.698101
4941	2.698101
4942	2.220979
4943	2.220979
4944	2.698101
4945	2.698101
4946	2.220979
4947	2.698101
4948	2.698101
4949	2.698101
4950	2.698101
4951	2.698101
4952	2.698101
4953	2.698101
4954	2.698101
4955	2.698101
4956	2.698101
4957	2.698101
4958	2.220979
4959	2.698101
4960	2.698101
4961	2.698101
4962	2.698101
4963	2.698101
4964	2.698101
4965	2.698101
4966	2.698101
4967	2.698101
4968	2.698101
4969	2.397071
4970	2.698101
4971	2.397071
4972	2.698101
4973	2.698101
4974	2.698101
4975	2.698101
4976	2.698101
4977	2.397071
4978	2.698101
4979	2.220979
4980	2.698101
4981	2.698101
4982	2.698101
4983	2.698101
4984	2.698101
4985	2.698101
4986	2.397071
4987	2.397071
4988	2.698101
4989	2.397071
4990	2.397071
4991	2.698101
4992	2.698101
4993	2.698101
4994	2.698101
4995	2.698101
4996	2.698101
4997	2.698101
4998	2.698101
4999	2.698101
5000	2.698101
5001	2.698101
5002	2.698101
5003	2.698101
5004	2.698101
5005	2.698101
5006	2.698101
5007	2.698101
5008	2.698101
5009	2.698101
5010	2.698101
5011	2.698101
5012	2.698101
5013	2.698101
5014	1.999130
5015	2.698101
5016	2.698101
5017	2.698101
5018	2.698101
5019	2.698101
5020	2.698101
5021	2.698101
5022	2.397071
5023	2.397071
5024	2.698101
5025	2.397071
5026	2.698101
5027	2.698101
5028	2.698101
5029	2.397071
5030	2.698101
5031	2.698101
5032	2.397071
5033	2.698101
5034	2.698101
5035	2.698101
5036	2.698101
5037	2.397071
5038	2.096040
5039	2.698101
5040	2.397071
5041	2.698101
5042	1.999130
5043	2.397071
5044	2.397071
5045	2.698101
5046	2.698101
5047	2.698101
5048	2.698101
5049	2.698101
5050	2.698101
5051	2.698101
5052	2.698101
5053	2.698101
5054	2.698101
5055	2.698101
5056	2.698101
5057	2.698101
5058	2.698101
5059	2.698101
5060	2.698101
5061	2.698101
5062	2.698101
5063	2.698101
5064	2.698101
5065	2.698101
5066	2.698101
5067	2.698101
5068	2.698101
5069	2.698101
5070	2.698101
5071	2.698101
5072	2.698101
5073	2.698101
5074	2.698101
5075	2.698101
5076	2.698101
5077	2.698101
5078	2.698101
5079	2.698101
5080	2.698101
5081	2.698101
5082	2.698101
5083	2.698101
5084	2.698101
5085	2.698101
5086	2.698101
5087	2.698101
5088	2.698101
5089	2.698101
5090	2.698101
5091	2.698101
5092	2.698101
5093	2.698101
5094	2.698101
5095	2.698101
5096	2.698101
5097	2.698101
5098	2.698101
5099	2.698101
5100	2.698101
5101	2.698101
5102	2.698101
5103	2.698101
5104	2.698101
5105	2.698101
5106	2.698101
5107	2.698101
5108	2.698101
5109	2.698101
5110	2.698101
5111	2.698101
5112	2.698101
5113	2.698101
5114	2.698101
5115	2.698101
5116	2.698101
5117	2.698101
5118	2.698101
5119	2.698101
5120	2.698101
5121	2.698101
5122	2.698101
5123	2.698101
5124	2.698101
5125	2.698101
5126	2.698101
5127	2.698101
5128	2.698101
5129	2.698101
5130	2.698101
5131	2.698101
5132	2.698101
5133	2.698101
5134	2.698101
5135	2.698101
5136	2.698101
5137	2.698101
5138	2.698101
5139	2.698101
5140	2.698101
5141	2.698101
5142	2.397071
5143	2.397071
5144	2.698101
5145	2.698101
5146	2.698101
5147	2.397071
5148	2.698101
5149	2.698101
5150	2.698101
5151	2.397071
5152	2.698101
5153	2.698101
5154	2.698101
5155	2.698101
5156	2.698101
5157	2.698101
5158	2.698101
5159	2.698101
5160	2.698101
5161	2.698101
5162	2.698101
5163	2.698101
5164	2.698101
5165	2.698101
5166	2.698101
5167	2.698101
5168	2.698101
5169	2.698101
5170	2.698101
5171	2.397071
5172	2.698101
5173	2.698101
5174	2.698101
5175	2.698101
5176	2.220979
5177	2.698101
5178	2.698101
5179	2.698101
5180	2.698101
5181	2.698101
5182	2.397071
5183	2.397071
5184	2.397071
5185	2.698101
5186	2.397071
5187	2.698101
5188	2.397071
5189	2.698101
5190	2.698101
5191	2.698101
5192	2.397071
5193	2.220979
5194	2.397071
5195	2.698101
5196	2.698101
5197	2.698101
5198	2.698101
5199	2.698101
5200	2.397071
5201	2.698101
5202	2.397071
5203	1.999130
5204	2.698101
5205	2.698101
5206	2.698101
5207	2.698101
5208	2.698101
5209	2.698101
5210	2.698101
5211	2.698101
5212	2.698101
5213	2.698101
5214	2.698101
5215	2.698101
5216	2.698101
5217	2.397071
5218	2.698101
5219	2.698101
5220	2.698101
5221	2.698101
5222	2.698101
5223	2.698101
5224	2.698101
5225	2.698101
5226	2.698101
5227	2.698101
5228	2.698101
5229	2.698101
5230	2.698101
5231	2.698101
5232	2.698101
5233	2.698101
5234	2.698101
5235	2.698101
5236	2.698101
5237	2.698101
5238	2.698101
5239	2.698101
5240	2.397071
5241	2.698101
5242	2.698101
5243	2.698101
5244	2.698101
5245	2.698101
5246	2.397071
5247	2.698101
5248	2.698101
5249	2.698101
5250	2.698101
5251	2.698101
5252	2.698101
5253	2.698101
5254	2.698101
5255	2.397071
5256	2.698101
5257	2.698101
5258	2.698101
5259	2.698101
5260	2.698101
5261	2.698101
5262	2.698101
5263	2.698101
5264	2.698101
5265	2.698101
5266	2.698101
5267	2.397071
5268	2.698101
5269	2.698101
5270	2.698101
5271	2.698101
5272	2.698101
5273	2.698101
5274	2.698101
5275	2.397071
5276	2.698101
5277	2.698101
5278	2.698101
5279	2.397071
5280	2.698101
5281	2.698101
5282	2.698101
5283	2.698101
5284	2.698101
5285	2.698101
5286	2.096040
5287	2.698101
5288	2.698101
5289	2.698101
5290	2.698101
5291	2.698101
5292	2.698101
5293	2.698101
5294	2.698101
5295	2.397071
5296	2.698101
5297	2.698101
5298	2.698101
5299	2.698101
5300	2.698101
5301	2.698101
5302	2.698101
5303	2.698101
5304	2.698101
5305	2.397071
5306	2.698101
5307	2.698101
5308	2.698101
5309	2.698101
5310	2.698101
5311	2.698101
5312	2.397071
5313	2.698101
5314	2.698101
5315	2.698101
5316	2.698101
5317	2.698101
5318	2.397071
5319	2.698101
5320	2.698101
5321	2.698101
5322	2.698101
5323	2.698101
5324	2.698101
5325	2.698101
5326	2.698101
5327	2.698101
5328	2.698101
5329	2.698101
5330	2.698101
5331	2.698101
5332	2.698101
5333	2.698101
5334	2.698101
5335	2.698101
5336	2.698101
5337	2.698101
5338	2.698101
5339	2.698101
5340	2.698101
5341	2.397071
5342	2.698101
5343	2.698101
5344	2.698101
5345	2.220979
5346	2.698101
5347	2.698101
5348	2.698101
5349	2.698101
5350	2.698101
5351	2.698101
5352	1.999130
5353	2.096040
5354	2.397071
5355	2.698101
5356	2.698101
5357	2.698101
5358	2.698101
5359	2.397071
5360	2.698101
5361	2.698101
5362	2.397071
5363	2.397071
5364	2.698101
5365	2.397071
5366	2.698101
5367	2.698101
5368	2.698101
5369	2.698101
5370	2.698101
5371	2.397071
5372	2.698101
5373	2.698101
5374	2.698101
5375	2.397071
5376	2.698101
5377	2.698101
5378	2.698101
5379	2.698101
5380	2.698101
5381	2.698101
5382	2.698101
5383	2.698101
5384	2.397071
5385	2.698101
5386	2.698101
5387	2.698101
5388	2.698101
5389	2.698101
5390	2.698101
5391	2.698101
5392	2.698101
5393	2.698101
5394	2.698101
5395	2.698101
5396	2.698101
5397	2.698101
5398	2.698101
5399	2.698101
5400	2.698101
5401	2.698101
5402	2.698101
5403	2.698101
5404	2.698101
5405	2.698101
5406	2.698101
5407	2.698101
5408	2.698101
5409	2.698101
5410	2.698101
5411	2.397071
5412	2.698101
5413	2.397071
5414	2.698101
5415	2.698101
5416	2.698101
5417	2.698101
5418	2.698101
5419	2.698101
5420	2.698101
5421	2.698101
5422	2.698101
5423	2.397071
5424	2.698101
5425	2.698101
5426	2.698101
5427	2.698101
5428	2.698101
5429	2.698101
5430	2.698101
5431	2.698101
5432	2.698101
5433	2.698101
5434	2.698101
5435	2.698101
5436	2.698101
5437	2.698101
5438	2.698101
5439	2.698101
5440	2.698101
5441	2.698101
5442	2.698101
5443	2.698101
5444	2.698101
5445	2.698101
5446	2.698101
5447	2.698101
5448	2.698101
5449	2.698101
5450	2.397071
5451	2.698101
5452	2.698101
5453	2.698101
5454	2.698101
5455	2.698101
5456	2.698101
5457	2.698101
5458	2.698101
5459	2.698101
5460	2.698101
5461	2.397071
5462	2.698101
5463	2.698101
5464	2.698101
5465	2.698101
5466	2.698101
5467	2.698101
5468	2.096040
5469	2.397071
5470	2.698101
5471	2.698101
5472	2.698101
5473	2.698101
5474	2.698101
5475	2.698101
5476	2.698101
5477	2.698101
5478	2.698101
5479	2.698101
5480	2.698101
5481	2.698101
5482	2.698101
5483	2.698101
5484	2.220979
5485	2.397071
5486	2.698101
5487	2.698101
5488	2.397071
5489	2.698101
5490	2.698101
5491	2.698101
5492	2.698101
5493	2.698101
5494	2.698101
5495	2.397071
5496	2.397071
5497	2.698101
5498	2.698101
5499	2.698101
5500	2.698101
5501	2.698101
5502	2.698101
5503	2.698101
5504	2.698101
5505	2.698101
5506	2.397071
5507	2.698101
5508	2.698101
5509	2.220979
5510	2.698101
5511	2.698101
5512	2.698101
5513	2.698101
5514	2.698101
5515	2.698101
5516	2.698101
5517	2.096040
5518	2.698101
5519	2.698101
5520	2.698101
5521	2.698101
5522	2.698101
5523	2.698101
5524	2.698101
5525	2.698101
5526	2.698101
5527	2.698101
5528	2.698101
5529	2.698101
5530	2.698101
5531	2.698101
5532	2.698101
5533	2.698101
5534	2.698101
5535	2.698101
5536	2.698101
5537	2.397071
5538	2.698101
5539	2.698101
5540	2.698101
5541	2.698101
5542	2.698101
5543	2.698101
5544	2.397071
5545	2.698101
5546	2.698101
5547	2.698101
5548	2.698101
5549	2.698101
5550	2.698101
5551	2.397071
5552	2.698101
5553	2.698101
5554	2.698101
5555	2.698101
5556	2.698101
5557	2.698101
5558	2.698101
5559	2.698101
5560	2.698101
5561	2.698101
5562	2.698101
5563	2.220979
5564	2.096040
5565	2.220979
5566	2.220979
5567	1.999130
5568	2.698101
5569	2.698101
5570	2.397071
5571	2.698101
5572	2.698101
5573	2.698101
5574	2.698101
5575	2.698101
5576	2.698101
5577	2.698101
5578	2.698101
5579	2.397071
5580	2.698101
5581	2.698101
5582	2.698101
5583	2.397071
5584	2.397071
5585	2.397071
5586	2.397071
5587	2.698101
5588	2.698101
5589	2.698101
5590	2.698101
5591	2.698101
5592	2.698101
5593	2.698101
5594	2.698101
5595	2.698101
5596	2.698101
5597	2.698101
5598	2.698101
5599	2.698101
5600	2.698101
5601	2.698101
5602	2.698101
5603	2.698101
5604	2.698101
5605	2.698101
5606	2.698101
5607	2.698101
5608	2.698101
5609	2.698101
5610	2.698101
5611	2.397071
5612	2.397071
5613	2.397071
5614	2.397071
5615	2.397071
5616	2.698101
5617	2.698101
5618	2.698101
5619	2.698101
5620	2.698101
5621	2.698101
5622	2.698101
5623	2.397071
5624	2.698101
5625	2.698101
5626	2.698101
5627	2.698101
5628	2.698101
5629	2.698101
5630	2.698101
5631	2.698101
5632	2.698101
5633	2.698101
5634	2.698101
5635	2.698101
5636	2.698101
5637	2.698101
5638	2.698101
5639	2.698101
5640	2.698101
5641	2.698101
5642	2.698101
5643	2.698101
5644	2.698101
5645	2.698101
5646	2.397071
5647	2.698101
5648	2.698101
5649	2.698101
5650	2.698101
5651	2.698101
5652	2.698101
5653	2.698101
5654	2.698101
5655	2.698101
5656	2.698101
5657	2.698101
5658	2.698101
5659	2.698101
5660	2.698101
5661	2.698101
5662	2.698101
5663	2.698101
5664	2.698101
5665	2.698101
5666	2.698101
5667	2.698101
5668	2.698101
5669	2.698101
5670	2.698101
5671	2.698101
5672	2.698101
5673	2.698101
5674	2.698101
5675	2.698101
5676	2.698101
5677	2.698101
5678	2.698101
5679	2.698101
5680	2.698101
5681	2.698101
5682	2.698101
5683	2.698101
5684	2.397071
5685	2.698101
5686	2.698101
5687	2.698101
5688	2.698101
5689	2.698101
5690	2.698101
5691	2.397071
5692	2.698101
5693	2.698101
5694	2.698101
5695	2.698101
5696	2.698101
5697	2.698101
5698	2.220979
5699	2.698101
5700	2.698101
5701	2.698101
5702	2.698101
5703	2.698101
5704	2.397071
5705	2.698101
5706	2.698101
5707	2.698101
5708	2.698101
5709	2.698101
5710	2.698101
5711	2.698101
5712	2.698101
5713	2.698101
5714	2.698101
5715	2.698101
5716	2.698101
5717	2.698101
5718	2.698101
5719	2.698101
5720	2.698101
5721	2.698101
5722	2.698101
5723	2.698101
5724	2.397071
5725	2.698101
5726	2.698101
5727	2.698101
5728	2.698101
5729	2.698101
5730	2.698101
5731	2.698101
5732	2.698101
5733	2.698101
5734	2.698101
5735	2.698101
5736	2.698101
5737	2.698101
5738	2.698101
5739	2.698101
5740	2.698101
5741	2.698101
5742	2.698101
5743	2.698101
5744	2.698101
5745	2.698101
5746	2.698101
5747	2.698101
5748	2.397071
5749	2.698101
5750	2.698101
5751	2.698101
5752	2.397071
5753	2.698101
5754	2.698101
5755	2.698101
5756	2.698101
5757	2.698101
5758	2.698101
5759	2.698101
5760	2.698101
5761	2.698101
5762	2.698101
5763	2.698101
5764	2.698101
5765	2.698101
5766	2.698101
5767	2.397071
5768	2.698101
5769	2.698101
5770	2.698101
5771	2.698101
5772	2.698101
5773	2.698101
5774	2.698101
5775	2.698101
5776	2.698101
5777	2.698101
5778	2.698101
5779	2.220979
5780	2.698101
5781	2.698101
5782	2.698101
5783	2.698101
5784	2.397071
5785	2.698101
5786	2.397071
5787	2.698101
5788	2.698101
5789	2.698101
5790	2.397071
5791	2.698101
5792	2.698101
5793	2.698101
5794	2.698101
5795	2.698101
5796	2.698101
5797	2.698101
5798	2.698101
5799	2.698101
5800	2.698101
5801	2.698101
5802	2.698101
5803	2.698101
5804	2.698101
5805	2.698101
5806	2.397071
5807	2.698101
5808	2.397071
5809	2.698101
5810	2.698101
5811	2.698101
5812	2.698101
5813	2.698101
5814	2.698101
5815	2.698101
5816	2.698101
5817	2.698101
5818	2.698101
5819	2.698101
5820	2.698101
5821	2.698101
5822	2.698101
5823	2.698101
5824	2.698101
5825	2.698101
5826	2.698101
5827	2.698101
5828	2.698101
5829	2.698101
5830	2.698101
5831	2.698101
5832	2.698101
5833	2.397071
5834	2.397071
5835	2.397071
5836	2.397071
5837	2.397071
5838	2.397071
5839	2.397071
5840	2.397071
5841	2.397071
5842	2.397071
5843	2.397071
5844	2.698101
5845	2.698101
5846	2.698101
5847	2.698101
5848	2.698101
5849	2.698101
5850	2.698101
5851	2.698101
5852	2.698101
5853	2.698101
5854	2.698101
5855	2.698101
5856	2.698101
5857	2.698101
5858	2.698101
5859	2.397071
5860	2.397071
5861	2.698101
5862	2.698101
5863	2.698101
5864	2.698101
5865	2.698101
5866	2.698101
5867	2.698101
5868	2.698101
5869	2.698101
5870	2.698101
5871	2.698101
5872	2.698101
5873	2.698101
5874	2.698101
5875	2.698101
5876	2.698101
5877	2.698101
5878	2.698101
5879	2.698101
5880	2.698101
5881	2.698101
5882	2.698101
5883	2.698101
5884	2.698101
5885	2.698101
5886	2.698101
5887	2.698101
5888	2.698101
5889	2.698101
5890	2.698101
5891	2.698101
5892	2.698101
5893	2.698101
5894	2.698101
5895	2.698101
5896	2.698101
5897	2.698101
5898	2.698101
5899	2.698101
5900	2.698101
5901	2.397071
5902	2.220979
5903	2.397071
5904	2.397071
5905	2.397071
5906	2.698101
5907	2.698101
5908	2.698101
5909	2.698101
5910	2.698101
5911	2.698101
5912	2.698101
5913	2.698101
5914	2.698101
5915	2.698101
5916	2.698101
5917	2.698101
5918	2.698101
5919	2.698101
5920	2.698101
5921	2.698101
5922	2.698101
5923	2.698101
5924	2.397071
5925	2.698101
5926	2.698101
5927	2.698101
5928	2.698101
5929	2.698101
5930	2.698101
5931	2.698101
5932	2.698101
5933	2.698101
5934	2.698101
5935	2.698101
5936	2.698101
5937	2.698101
5938	2.698101
5939	2.698101
5940	2.698101
5941	2.698101
5942	2.698101
5943	2.220979
5944	2.698101
5945	2.698101
5946	2.698101
5947	2.698101
5948	2.698101
5949	2.698101
5950	2.698101
5951	2.698101
5952	2.698101
5953	2.397071
5954	2.397071
5955	2.698101
5956	2.698101
5957	2.698101
5958	2.698101
5959	2.698101
5960	2.698101
5961	2.698101
5962	2.698101
5963	2.698101
5964	2.698101
5965	2.698101
5966	2.698101
5967	2.698101
5968	2.698101
5969	2.698101
5970	2.698101
5971	2.698101
5972	2.698101
5973	2.698101
5974	2.698101
5975	2.698101
5976	2.698101
5977	2.698101
5978	2.698101
5979	2.698101
5980	2.698101
5981	2.698101
5982	2.698101
5983	2.698101
5984	2.698101
5985	2.698101
5986	2.698101
5987	2.698101
5988	2.397071
5989	2.698101
5990	2.698101
5991	2.698101
5992	2.698101
5993	2.698101
5994	2.698101
5995	2.698101
5996	2.698101
5997	2.698101
5998	2.698101
5999	2.698101
6000	2.698101
6001	2.698101
6002	2.698101
6003	2.698101
6004	2.698101
6005	2.698101
6006	2.698101
6007	2.698101
6008	2.698101
6009	2.698101
6010	2.698101
6011	2.698101
6012	2.698101
6013	2.698101
6014	2.698101
6015	2.698101
6016	2.698101
6017	2.698101
6018	2.698101
6019	2.698101
6020	2.698101
6021	2.698101
6022	2.698101
6023	2.698101
6024	2.698101
6025	2.698101
6026	2.698101
6027	2.698101
6028	2.698101
6029	2.698101
6030	2.698101
6031	2.698101
6032	2.698101
6033	2.698101
6034	2.698101
6035	2.698101
6036	2.698101
6037	2.698101
6038	2.698101
6039	2.698101
6040	2.698101
6041	2.698101
6042	2.698101
6043	2.698101
6044	2.698101
6045	2.698101
6046	2.698101
6047	2.698101
6048	2.698101
6049	2.698101
6050	2.698101
6051	2.698101
6052	2.698101
6053	2.698101
6054	2.698101
6055	2.698101
6056	2.698101
6057	2.698101
6058	2.698101
6059	2.698101
6060	2.698101
6061	2.698101
6062	2.698101
6063	2.698101
6064	2.698101
6065	2.397071
6066	2.698101
6067	2.698101
6068	2.698101
6069	2.698101
6070	2.698101
6071	2.698101
6072	2.698101
6073	2.698101
6074	2.698101
6075	2.698101
6076	2.698101
6077	2.698101
6078	2.397071
6079	2.698101
6080	2.698101
6081	2.698101
6082	2.698101
6083	2.698101
6084	2.698101
6085	2.698101
6086	2.698101
6087	2.698101
6088	2.698101
6089	2.698101
6090	2.698101
6091	2.698101
6092	2.698101
6093	2.698101
6094	2.698101
6095	2.698101
6096	2.698101
6097	2.698101
6098	2.698101
6099	2.698101
6100	2.698101
6101	2.698101
6102	2.698101
6103	2.698101
6104	2.698101
6105	2.698101
6106	2.698101
6107	2.698101
6108	2.698101
6109	2.698101
6110	2.698101
6111	2.698101
6112	2.698101
6113	2.698101
6114	2.698101
6115	2.698101
6116	2.698101
6117	2.698101
6118	2.698101
6119	2.698101
6120	2.698101
6121	2.698101
6122	2.698101
6123	2.698101
6124	2.698101
6125	2.698101
6126	2.698101
6127	2.698101
